%OpenBCI Raw EXG Data
%Number of channels = 16
%Sample Rate = 125 Hz
%Board = OpenBCI_GUI$BoardCytonSerialDaisy
Sample Index, EXG Channel 0, EXG Channel 1, EXG Channel 2, EXG Channel 3, EXG Channel 4, EXG Channel 5, EXG Channel 6, EXG Channel 7, EXG Channel 8, EXG Channel 9, EXG Channel 10, EXG Channel 11, EXG Channel 12, EXG Channel 13, EXG Channel 14, EXG Channel 15, Accel Channel 0, Accel Channel 1, Accel Channel 2, Not Used, Digital Channel 0 (D11), Digital Channel 1 (D12), Digital Channel 2 (D13), Digital Channel 3 (D17), Not Used, Digital Channel 4 (D18), Analog Channel 0, Analog Channel 1, Analog Channel 2, Timestamp, Marker Channel, Timestamp (Formatted)
208.0, -47110.011829139214, -31481.068608888225, 102130.26131752269, -50810.03019929292, -55140.635984019755, -52375.07699430907, -65128.26712468471, -54589.95605587436, 18913.330902258265, -37954.26791361188, -57099.20759191604, -48422.1262838991, -52797.23439183646, -55076.754698366494, -36256.16118385329, -44337.59085388075, 0.0, 0.0, 0.0, 192.0, 0.0, 0.0, 0.0, 0.0, 0.0, 0.0, 0.0, 0.0, 0.0, 1.740776617987266E9, 0.0, 2025-02-28 15:03:37.987
210.0, -47116.538538520166, -31491.685687504494, 102153.70829745631, -50807.459748680565, -55147.47561782308, -52375.658139664905, -65134.123281732, -54588.86082039605, 18957.45324581304, -37977.17845167857, -57126.74494108498, -48444.20980742095, -52823.18476714907, -55098.23472478804, -36280.859861476405, -44354.95815932252, 0.0, 0.0, 0.0, 192.0, 0.0, 0.0, 0.0, 0.0, 0.0, 0.0, 0.0, 0.0, 0.0, 1.740776617987555E9, 0.0, 2025-02-28 15:03:37.987
212.0, -47106.14497734845, -31476.37474255261, 102157.73161145826, -50792.841707806794, -55139.78661773045, -52366.449220949326, -65123.70736881583, -54585.70922442785, 18874.01418376138, -37966.91900097358, -57117.55837411385, -48435.24675789437, -52815.607525778716, -55087.68470140514, -36272.187384627745, -44343.31290046131, 0.0, 0.0, 0.0, 192.0, 0.0, 0.0, 0.0, 0.0, 0.0, 0.0, 0.0, 0.0, 0.0, 1.740776617987825E9, 0.0, 2025-02-28 15:03:37.987
214.0, -47098.925363889386, -31476.84412918617, 102131.51301521219, -50786.76203331495, -55134.73512348356, -52364.88459883745, -65119.25937166922, -54584.25636103826, 18997.038185243393, -37955.45255606801, -57107.96947574252, -48423.71325775543, -52803.87285993968, -55074.54187566542, -36261.145622866825, -44332.49465614494, 0.0, 0.0, 0.0, 192.0, 0.0, 0.0, 0.0, 0.0, 0.0, 0.0, 0.0, 0.0, 0.0, 1.740776617988074E9, 0.0, 2025-02-28 15:03:37.988
216.0, -47106.14497734845, -31476.777073952806, 102147.60627122001, -50803.30232421188, -55147.16269340071, -52379.45793622231, -65139.84532831256, -54601.71307345785, 18866.146369713115, -37955.407852579105, -57105.175507685606, -48420.56166178724, -52804.58811576225, -55080.62155015726, -36263.02316940107, -44338.4178684256, 0.032, 0.492, 0.011, 192.0, 1.0, 0.0, 15.0, 96.0, 0.0, 88.0, 0.0, 0.0, 0.0, 1.740776617988313E9, 0.0, 2025-02-28 15:03:37.988
218.0, -47114.482178030274, -31486.410675813044, 102169.15335287493, -50810.7901586044, -55151.00719344702, -52382.96716010179, -65145.008581281734, -54604.931724659415, 19031.951610082582, -37968.72949227446, -57118.69831308107, -48433.03393519329, -52819.07204616929, -55096.71480616508, -36279.47405332018, -44355.69576688955, 0.032, 0.492, 0.011, 192.0, 0.0, 0.0, 0.0, 0.0, 0.0, 0.0, 0.0, 0.0, 0.0, 1.740776617988582E9, 0.0, 2025-02-28 15:03:37.988
220.0, -47108.51426226071, -31481.89562343307, 102144.49937874071, -50818.210937763564, -55148.43674283466, -52389.13624157146, -65148.00371503874, -54608.887983428, 18831.769386740852, -37971.45640509801, -57116.88782178019, -48435.224406149915, -52814.914621700605, -55100.91693412268, -36277.171823641285, -44358.13210703518, 0.032, 0.492, 0.011, 192.0, 0.0, 0.0, 0.0, 0.0, 0.0, 0.0, 0.0, 0.0, 0.0, 1.740776617988844E9, 0.0, 2025-02-28 15:03:37.988
222.0, -47100.40057902344, -31477.760550708837, 102114.36922721496, -50814.12056852825, -55137.6632020072, -52380.620226933985, -65131.105796230535, -54594.716977443335, 19044.423883488642, -37967.298980629326, -57109.377635643206, -48432.05045843726, -52803.26936283939, -55098.19002129913, -36274.13198639536, -44356.47807794548, 0.032, 0.492, 0.011, 192.0, 0.0, 0.0, 0.0, 0.0, 0.0, 0.0, 0.0, 0.0, 0.0, 1.740776617989113E9, 0.0, 2025-02-28 15:03:37.989
224.0, -47114.45982628582, -31491.350411337666, 102130.5071867117, -50834.170083304656, -55155.186969660164, -52391.684340439366, -65141.40995042443, -54607.25630608277, 18822.404005814078, -37971.6128673092, -57110.562278099336, -48435.42557185001, -52802.55410701682, -55102.30274227891, -36267.73938748114, -44354.93580757807, 0.032, 0.492, 0.011, 192.0, 0.0, 0.0, 0.0, 0.0, 0.0, 0.0, 0.0, 0.0, 0.0, 1.740776617989375E9, 0.0, 2025-02-28 15:03:37.989
226.0, -47118.907823432426, -31497.631251529605, 102163.23014059427, -50833.030144337434, -55155.70105978264, -52384.196506046836, -65136.24669745526, -54595.700454199374, 19054.750389426994, -37987.72847506148, -57124.30860093935, -48454.379851148115, -52815.16049088961, -55113.43391101765, -36281.95509695472, -44362.89302860416, 0.043, 0.737, 0.018500000000000003, 192.0, 0.5, 88.0, 15.0, 88.0, 0.0, 104.0, 0.0, 0.0, 0.0, 1.74077661798963E9, 0.0, 2025-02-28 15:03:37.989
228.0, -47118.30432633214, -31495.887815462094, 102162.78310570517, -50831.06319082537, -55157.89153073925, -52380.95550310081, -65135.84436605506, -54594.716977443335, 18793.48084848891, -37992.28823093036, -57125.69440909558, -48457.2855779273, -52817.283906612865, -55112.45043426161, -36276.03188467406, -44356.232208756475, 0.043, 0.737, 0.018500000000000003, 192.0, 0.0, 0.0, 0.0, 0.0, 0.0, 0.0, 0.0, 0.0, 0.0, 1.740776617989893E9, 0.0, 2025-02-28 15:03:37.989
230.0, -47109.117759361005, -31484.555481023253, 102133.4576169798, -50813.67353363914, -55143.9663939436, -52362.04592729163, -65117.13595594597, -54574.26513126673, 19057.052619105893, -37976.172623178085, -57113.93739151209, -48446.80260977776, -52805.750406473926, -55099.17349805516, -36265.0124746576, -44344.430487684076, 0.043, 0.737, 0.018500000000000003, 192.0, 0.0, 0.0, 0.0, 0.0, 0.0, 0.0, 0.0, 0.0, 0.0, 1.740776617990144E9, 0.0, 2025-02-28 15:03:37.990
232.0, -47114.169253607906, -31487.37180082462, 102150.40023927692, -50814.1429202727, -55149.84490273534, -52365.48809593774, -65124.89201127196, -54579.74130865828, 18805.59549398369, -37971.38934986464, -57114.13855721219, -48440.00767946335, -52799.76013895991, -55091.28333226244, -36253.79189894103, -44332.673470100584, 0.043, 0.737, 0.018500000000000003, 192.0, 0.0, 0.0, 0.0, 0.0, 0.0, 0.0, 0.0, 0.0, 0.0, 1.740776617990384E9, 0.0, 2025-02-28 15:03:37.990
234.0, -47128.58612878158, -31501.90043472057, 102171.45558255383, -50817.518033685454, -55162.0713069524, -52374.45114546432, -65129.988209007766, -54587.67617793992, 19066.3509447993, -37981.201765680526, -57122.94514452758, -48451.60823483566, -52813.97584843348, -55103.800309157414, -36268.02996015906, -44346.0174615404, 0.043, 0.737, 0.018500000000000003, 192.0, 0.0, 0.0, 0.0, 0.0, 0.0, 0.0, 0.0, 0.0, 0.0, 1.740776617990627E9, 0.0, 2025-02-28 15:03:37.990
236.0, -47125.45688455783, -31497.072457918224, 102146.66749795289, -50805.38103644622, -55160.79725751845, -52367.81267736109, -65124.467328127306, -54585.642169194485, 18802.600360226676, -37990.90242277413, -57136.71381911205, -48458.1349442166, -52823.54239506035, -55112.00339937251, -36272.56736428349, -44348.319691219294, 0.0505, 0.8605, 0.02425, 192.0, 0.5, 104.0, 15.0, 96.0, 0.0, 120.0, 0.0, 0.0, 0.0, 1.740776617990865E9, 0.0, 2025-02-28 15:03:37.990
238.0, -47120.740666477766, -31490.389286326088, 102116.2020702603, -50794.76395782995, -55159.74672552905, -52358.179075500855, -65124.467328127306, -54577.81905863513, 19044.289773021912, -37967.433091096056, -57116.95487701355, -48440.0300312078, -52806.19744136303, -55090.92570435115, -36260.92210542227, -44332.20408346702, 0.0505, 0.8605, 0.02425, 192.0, 0.0, 0.0, 0.0, 0.0, 0.0, 0.0, 0.0, 0.0, 0.0, 1.740776617991119E9, 0.0, 2025-02-28 15:03:37.991
240.0, -47134.93402420689, -31504.20266439947, 102132.09416056803, -50809.404350448174, -55171.056708223434, -52370.24901750672, -65134.99499976576, -54593.57703847612, 18822.426357558532, -37979.726550546475, -57130.4329789201, -48449.35070864567, -52816.099264156735, -55097.13948930973, -36267.27000084758, -44339.33428994826, 0.0505, 0.8605, 0.02425, 192.0, 0.0, 0.0, 0.0, 0.0, 0.0, 0.0, 0.0, 0.0, 0.0, 1.740776617991363E9, 0.0, 2025-02-28 15:03:37.991
242.0, -47129.524902048695, -31499.84407423068, 102154.13298060096, -50811.863042338264, -55170.229693678586, -52371.63482566295, -65138.861851556525, -54596.10278559957, 19023.748519867484, -37990.74596056294, -57138.05492377936, -48464.48283964191, -52828.10215092923, -55112.71865519508, -36283.095035921935, -44358.19916226854, 0.0505, 0.8605, 0.02425, 192.0, 0.0, 0.0, 0.0, 0.0, 0.0, 0.0, 0.0, 0.0, 0.0, 1.740776617991618E9, 0.0, 2025-02-28 15:03:37.991
244.0, -47114.83980594156, -31485.80717871275, 102151.22725382177, -50799.3907689322, -55151.02954519148, -52362.62707264746, -65125.74137756126, -54584.92691337191, 18836.083273420725, -37976.150271433624, -57125.850871306764, -48446.757906288854, -52810.0642931538, -55102.30274227891, -36265.41480605779, -44345.950406307034, 0.0505, 0.8605, 0.02425, 192.0, 0.0, 0.0, 0.0, 0.0, 0.0, 0.0, 0.0, 0.0, 0.0, 1.740776617991879E9, 0.0, 2025-02-28 15:03:37.991
246.0, -47109.76595995021, -31478.65462048705, 102135.44692223633, -50798.00496077597, -55150.56015855791, -52361.21891274678, -65130.45759564133, -54582.87055288203, 18997.12759222121, -37960.504050314914, -57103.52147859591, -48430.68700202549, -52794.485127268454, -55092.22210552957, -36252.56255299599, -44336.40621142462, 0.058, 0.984, 0.028, 192.0, 0.5, 104.0, 15.0, 96.0, 0.0, 112.0, 0.0, 0.0, 0.0, 1.740776617992131E9, 0.0, 2025-02-28 15:03:37.992
248.0, -47115.44330304186, -31490.121065392625, 102151.54017824415, -50809.560812659365, -55159.50085634004, -52372.12656404097, -65137.2748777002, -54594.40405302097, 18875.176474473057, -37973.04337895434, -57117.84894679177, -48441.57230157522, -52806.867993696695, -55102.414501001185, -36265.43715780225, -44348.72202261949, 0.058, 0.984, 0.028, 192.0, 0.0, 0.0, 0.0, 0.0, 0.0, 0.0, 0.0, 0.0, 0.0, 1.740776617992393E9, 0.0, 2025-02-28 15:03:37.992
250.0, -47116.89616643145, -31487.930594436002, 102173.57899827708, -50811.70658012707, -55166.49695235455, -52379.94967460033, -65148.83072958359, -54605.71403571535, 18973.680612287597, -37975.055035955316, -57112.32806591131, -48442.44401960898, -52810.44427280954, -55110.930515638654, -36269.6616375043, -44357.68507214607, 0.058, 0.984, 0.028, 192.0, 0.0, 0.0, 0.0, 0.0, 0.0, 0.0, 0.0, 0.0, 0.0, 1.740776617992642E9, 0.0, 2025-02-28 15:03:37.992
252.0, -47103.95450639183, -31477.179405353, 102150.19907357682, -50791.83587930631, -55148.83907423486, -52361.93416856935, -65128.84827004055, -54587.89969538447, 18902.423250964075, -37973.579820821265, -57112.03749323339, -48437.07960093971, -52808.14204313065, -55106.750739425515, -36263.93959092374, -44349.526685419885, 0.058, 0.984, 0.028, 192.0, 0.0, 0.0, 0.0, 0.0, 0.0, 0.0, 0.0, 0.0, 0.0, 1.740776617992883E9, 0.0, 2025-02-28 15:03:37.992
254.0, -47111.218823339805, -31481.247422843866, 102118.99603831721, -50794.67455085213, -55155.27637663799, -52366.53862792714, -65136.8725463, -54592.906486142456, 18939.571850248798, -37962.51570731589, -57095.36309186972, -48425.94843220097, -52794.842755179736, -55097.83239338784, -36250.21561982818, -44337.277929458374, 0.058, 0.984, 0.028, 192.0, 0.0, 0.0, 0.0, 0.0, 0.0, 0.0, 0.0, 0.0, 0.0, 1.74077661799313E9, 0.0, 2025-02-28 15:03:37.993
0.0, -47119.91365193292, -31494.189082883488, 102135.04459083613, -50796.10506249727, -55161.28899589646, -52368.41617446139, -65139.73356959028, -54591.3865675195, 18940.264754326912, -37978.676018557075, -57112.90921126714, -48440.76763877483, -52806.17508961858, -55107.89067839273, -36259.87157343287, -44345.70453711803, 0.058, 0.982, 0.032, 192.0, 0.5, 104.0, 15.0, 88.0, 0.5, 0.0, 0.0, 0.0, 0.0, 1.740776617993368E9, 0.0, 2025-02-28 15:03:37.993
2.0, -47121.81355021162, -31495.57489103972, 102157.39633529143, -50796.75326308647, -55165.24525466505, -52372.238322763245, -65139.55475563464, -54595.767509432735, 18903.965521331495, -37984.219251181996, -57111.97043800002, -48443.51690334283, -52810.95836293201, -55110.55053598292, -36263.47020429018, -44347.93971156356, 0.058, 0.982, 0.032, 192.0, 0.0, 0.0, 0.0, 0.0, 0.0, 0.0, 0.0, 0.0, 0.0, 1.740776617993611E9, 0.0, 2025-02-28 15:03:37.993
4.0, -47102.613401724506, -31482.74498972237, 102147.5615677311, -50775.27323666492, -55142.84880672083, -52350.80299983061, -65114.520801844694, -54570.44298296487, 18969.14320816317, -37979.212460424, -57106.427205375105, -48436.18553116149, -52803.06819713929, -55104.56026846889, -36252.271980318066, -44339.378993437174, 0.058, 0.982, 0.032, 192.0, 0.0, 0.0, 0.0, 0.0, 0.0, 0.0, 0.0, 0.0, 0.0, 1.740776617993855E9, 0.0, 2025-02-28 15:03:37.993
6.0, -47102.23342206877, -31479.124007120612, 102135.93866061434, -50772.85924826375, -55142.64764102073, -52348.92545329636, -65116.487755356764, -54571.33705274309, 18879.5574163863, -37963.76740500539, -57090.08808017828, -48424.048533922265, -52785.052691108314, -55088.66817816117, -36235.59757895441, -44324.850359541226, 0.058, 0.982, 0.032, 192.0, 0.0, 0.0, 0.0, 0.0, 0.0, 0.0, 0.0, 0.0, 0.0, 1.740776617994104E9, 0.0, 2025-02-28 15:03:37.994
8.0, -47121.478274044784, -31500.179350397513, 102151.54017824415, -50788.19254496009, -55160.082001695875, -52360.6601191354, -65123.95323800483, -54578.646073179974, 19013.556124395862, -37970.294114386335, -57101.666283806124, -48428.8318072357, -52793.524002256876, -55089.4504892171, -36241.52079123507, -44325.94559501953, 0.058, 0.982, 0.032, 192.0, 0.0, 0.0, 0.0, 0.0, 0.0, 0.0, 0.0, 0.0, 0.0, 1.740776617994348E9, 0.0, 2025-02-28 15:03:37.994
10.0, -47130.150750893445, -31506.706059778462, 102172.97550117678, -50802.58706838931, -55174.02949023599, -52374.898180353426, -65139.46534865682, -54598.18149783391, 18846.812110759274, -37989.06957972879, -57119.860603792746, -48447.54021734479, -52813.238240866456, -55114.12681509576, -36260.8103467, -44349.996072053444, 0.064, 0.988, 0.032, 192.0, 1.0, 0.0, 15.0, 112.0, 0.5, 0.0, 0.0, 0.0, 0.0, 1.740776617994605E9, 0.0, 2025-02-28 15:03:37.994
12.0, -47115.37624780849, -31496.267795117834, 102149.0144311207, -50786.829088548315, -55158.49502783955, -52359.0060900457, -65122.61213333752, -54579.763660402736, 19022.362711711256, -37989.18133845107, -57120.21823170403, -48445.148580688074, -52807.47149079698, -55114.68560870715, -36263.04552114553, -44349.48198193097, 0.064, 0.988, 0.032, 192.0, 0.0, 0.0, 0.0, 0.0, 0.0, 0.0, 0.0, 0.0, 0.0, 1.740776617994859E9, 0.0, 2025-02-28 15:03:37.994
14.0, -47113.029314640684, -31491.104542148656, 102118.61605866147, -50791.99234151749, -55159.34439412885, -52366.38216571596, -65128.714159573814, -54586.91621862844, 18822.02402615834, -37974.362131877206, -57102.56035358433, -48429.18943514698, -52790.707682455504, -55103.68855043514, -36247.64516921582, -44336.786191080355, 0.064, 0.988, 0.032, 192.0, 0.0, 0.0, 0.0, 0.0, 0.0, 0.0, 0.0, 0.0, 0.0, 1.740776617995113E9, 0.0, 2025-02-28 15:03:37.995
16.0, -47125.00984966873, -31508.695365034982, 102134.44109373583, -50801.00009453298, -55170.94494950116, -52373.847648364026, -65136.38080792199, -54593.957018131856, 19047.597831201296, -37985.82857678278, -57112.797452544866, -48443.02516496482, -52800.11776687119, -55113.523317995474, -36260.54212576654, -44348.09617377474, 0.064, 0.988, 0.032, 192.0, 0.0, 0.0, 0.0, 0.0, 0.0, 0.0, 0.0, 0.0, 0.0, 1.740776617995359E9, 0.0, 2025-02-28 15:03:37.995
18.0, -47132.09535266106, -31513.590397070697, 102156.43521027986, -50807.99619054749, -55177.8739902823, -52379.8155641336, -65141.4770056578, -54602.29421881369, 18801.929807893015, -38004.91696654761, -57131.77408358742, -48463.20879020796, -52817.350961846234, -55131.94115542664, -36271.18155612726, -44360.903723347634, 0.064, 0.988, 0.032, 192.0, 0.0, 0.0, 0.0, 0.0, 0.0, 0.0, 0.0, 0.0, 0.0, 1.740776617995601E9, 0.0, 2025-02-28 15:03:37.995
20.0, -47118.46078854332, -31498.480617818906, 102154.80353293462, -50795.70273109707, -55169.00034773354, -52368.17030527238, -65137.23017421129, -54590.55955297465, 19047.73194166803, -37996.04332399885, -57125.62735386221, -48457.01735699384, -52816.94863044604, -55125.81677744589, -36273.394378828336, -44359.20499076903, 0.064, 0.988, 0.03, 192.0, 1.0, 0.0, 15.0, 112.0, 0.0, 120.0, 0.0, 0.0, 0.0, 1.740776617995836E9, 0.0, 2025-02-28 15:03:37.995
22.0, -47120.20422461083, -31492.445646815977, 102137.61504144849, -50794.76395782995, -55166.720469799104, -52364.057584292605, -65127.03777873967, -54584.81515464964, 18791.1339153211, -37970.89761148663, -57105.041397218876, -48431.84929273716, -52796.18385984706, -55102.682721934645, -36247.77927968255, -44334.77453407938, 0.064, 0.988, 0.03, 192.0, 0.0, 0.0, 0.0, 0.0, 0.0, 0.0, 0.0, 0.0, 0.0, 1.740776617996092E9, 0.0, 2025-02-28 15:03:37.996
24.0, -47119.44426529935, -31489.159940381047, 102153.70829745631, -50787.99137925999, -55164.485295353574, -52358.51435166769, -65132.33514217558, -54580.4342127364, 19052.895194637204, -37977.647838312136, -57110.78579554389, -48439.135961429594, -52808.052636152825, -55114.19387032913, -36259.670407732774, -44344.47519117298, 0.064, 0.988, 0.03, 192.0, 0.0, 0.0, 0.0, 0.0, 0.0, 0.0, 0.0, 0.0, 0.0, 1.740776617996325E9, 0.0, 2025-02-28 15:03:37.996
26.0, -47118.99723041025, -31485.27073684582, 102175.63535876696, -50787.879620537715, -55170.564969845414, -52361.37537495797, -65143.01927602521, -54590.26898029673, 18798.62174971363, -37970.67409404208, -57108.55062109836, -48431.670478781525, -52808.14204313065, -55106.460166747594, -36256.98819839814, -44338.84255157025, 0.064, 0.988, 0.03, 192.0, 0.0, 0.0, 0.0, 0.0, 0.0, 0.0, 0.0, 0.0, 0.0, 1.740776617996568E9, 0.0, 2025-02-28 15:03:37.996
28.0, -47107.39667503795, -31474.787768696282, 102150.93668114385, -50772.233399419005, -55160.30551914043, -52350.87005506397, -65137.20782246684, -54581.55179995916, 19055.845624905305, -37967.343684118234, -57105.19785943006, -48432.27397588181, -52810.287810598355, -55107.39894001472, -36261.16797461128, -44340.92126380459, 0.064, 0.988, 0.03, 192.0, 0.0, 0.0, 0.0, 0.0, 0.0, 0.0, 0.0, 0.0, 0.0, 1.740776617996821E9, 0.0, 2025-02-28 15:03:37.996
30.0, -47103.48511975827, -31471.45735877244, 102121.90176509641, -50769.81941101783, -55153.82351324839, -52348.70193585181, -65131.44107239736, -54580.61302669204, 18813.19508709849, -37952.0103874219, -57088.56816155531, -48412.20210936095, -52786.86318240919, -55090.456317717595, -36240.13498307884, -44317.74250480444, 0.064, 0.982, 0.026000000000000002, 192.0, 1.0, 0.0, 15.0, 88.0, 0.0, 104.0, 0.0, 0.0, 0.0, 1.740776617997067E9, 0.0, 2025-02-28 15:03:37.997
32.0, -47122.23823335627, -31493.809103227748, 102137.57033795958, -50789.24307694949, -55162.7195075416, -52364.12463952597, -65137.74426433376, -54591.49832624177, 19048.938935868613, -37968.70714053001, -57100.615751816724, -48430.70935376995, -52801.72709247197, -55112.78571042845, -36252.964884396184, -44337.210874225006, 0.064, 0.982, 0.026000000000000002, 192.0, 0.0, 0.0, 0.0, 0.0, 0.0, 0.0, 0.0, 0.0, 0.0, 1.74077661799734E9, 0.0, 2025-02-28 15:03:37.997
34.0, -47130.55308229364, -31504.51558882184, 102159.34093705904, -50801.67064686664, -55170.96730124561, -52372.32772974107, -65142.68399985838, -54597.71211120035, 18826.33791283821, -37986.297963416335, -57117.267801435926, -48441.929929486505, -52808.00793266391, -55123.9615826561, -36256.02707338656, -44344.92222606209, 0.064, 0.982, 0.026000000000000002, 192.0, 0.0, 0.0, 0.0, 0.0, 0.0, 0.0, 0.0, 0.0, 0.0, 1.740776617997588E9, 0.0, 2025-02-28 15:03:37.997
36.0, -47124.0263729127, -31498.145341652078, 102154.89293991243, -50794.5404403854, -55167.72629829959, -52366.69509013833, -65141.90168880245, -54595.141660587986, 19017.49003142, -37991.841196041256, -57115.859641535244, -48446.0873539552, -52813.998200177935, -55127.157882113206, -36262.64318974533, -44353.639406399656, 0.064, 0.982, 0.026000000000000002, 192.0, 0.0, 0.0, 0.0, 0.0, 0.0, 0.0, 0.0, 0.0, 0.0, 1.740776617997829E9, 0.0, 2025-02-28 15:03:37.997
38.0, -47106.92728840438, -31480.442760043476, 102140.14078857194, -50771.875771507715, -55149.934309713164, -52344.38804917193, -65123.215630437815, -54575.919160356425, 18848.06380844877, -37969.22123065248, -57096.838307003774, -48419.48877805338, -52791.624103978174, -55101.43102424515, -36240.090279589924, -44324.7609525634, 0.064, 0.982, 0.026000000000000002, 192.0, 0.0, 0.0, 0.0, 0.0, 0.0, 0.0, 0.0, 0.0, 0.0, 1.740776617998083E9, 0.0, 2025-02-28 15:03:37.998
40.0, -47118.01375365422, -31492.66916426053, 102156.27874806867, -50779.60947508925, -55159.74672552905, -52350.847703319516, -65132.916287531414, -54584.032843593704, 18998.893380033183, -37972.97632372097, -57093.44084184657, -48423.53444379979, -52796.07210112478, -55106.884849892245, -36240.47025924567, -44324.67154558558, 0.06, 0.98, 0.028, 192.0, 0.5, 112.0, 15.0, 80.0, 0.0, 112.0, 0.0, 0.0, 0.0, 1.740776617998322E9, 0.0, 2025-02-28 15:03:37.998
42.0, -47125.054553157635, -31499.911129464046, 102178.5187338017, -50784.52685886942, -55167.43572562167, -52355.63097663295, -65135.08440674358, -54586.22331455032, 18879.847989064216, -37983.10166395923, -57108.70708330954, -48432.58690030419, -52801.25770583841, -55113.99270462903, -36243.107765091394, -44328.02430725388, 0.06, 0.98, 0.028, 192.0, 0.0, 0.0, 0.0, 0.0, 0.0, 0.0, 0.0, 0.0, 0.0, 1.740776617998572E9, 0.0, 2025-02-28 15:03:37.998
44.0, -47118.192567609854, -31491.596280526675, 102153.64124222295, -50781.799946045874, -55173.26953092451, -52356.234473733246, -65137.43133991139, -54590.09016634109, 18963.108237160235, -37971.94814347603, -57109.86937402122, -48434.55385381626, -52808.38791231965, -55113.322152295375, -36256.09412861993, -44336.42856316907, 0.06, 0.98, 0.028, 192.0, 0.0, 0.0, 0.0, 0.0, 0.0, 0.0, 0.0, 0.0, 0.0, 1.740776617998808E9, 0.0, 2025-02-28 15:03:37.998
46.0, -47124.60751826853, -31522.084059963712, 102122.86289010798, -50774.669739564626, -55165.69228955416, -52351.11592425298, -65129.40706365193, -54578.7354801578, 18912.235666779958, -37987.907289017116, -57105.220211174514, -48428.161254902036, -52796.92146741408, -55109.879983649254, -36243.13011683585, -44322.48107462896, 0.06, 0.98, 0.028, 192.0, 0.0, 0.0, 0.0, 0.0, 0.0, 0.0, 0.0, 0.0, 0.0, 1.740776617999054E9, 0.0, 2025-02-28 15:03:37.999
48.0, -47133.99525093976, -31538.66905434955, 102139.06790483808, -50783.25280943547, -55174.275359424995, -52360.0566220351, -65140.4264736684, -54591.34186403059, 18905.060756809802, -38004.76050433642, -57114.049150234365, -48441.25937715285, -52801.81649944979, -55121.88287042175, -36251.60142798441, -44331.689993344546, 0.06, 0.98, 0.028, 192.0, 0.0, 0.0, 0.0, 0.0, 0.0, 0.0, 0.0, 0.0, 0.0, 1.7407766179993E9, 0.0, 2025-02-28 15:03:37.999
50.0, -47139.4267248424, -31561.937220327523, 102161.03966963764, -50788.796042060385, -55176.4211268927, -52365.91277908239, -65141.81228182463, -54594.22523906532, 18905.194867276536, -38022.39603071166, -57128.89070855269, -48453.485781369905, -52809.863127453704, -55132.52230078248, -36254.998893141616, -44338.261406214406, 0.06, 0.978, 0.03, 192.0, 0.5, 112.0, 15.0, 72.0, 0.0, 120.0, 0.0, 0.0, 0.0, 1.740776617999546E9, 0.0, 2025-02-28 15:03:37.999
52.0, -47142.64537604396, -31581.04796183681, 102143.31473628459, -50798.943734043096, -55178.83511529388, -52373.26650300819, -65149.99302029527, -54606.45164328237, 18827.58961052771, -38035.76237389593, -57134.59040338879, -48463.119383230136, -52810.86895595419, -55138.132588640765, -36256.09412861993, -44343.20114173903, 0.06, 0.978, 0.03, 192.0, 0.0, 0.0, 0.0, 0.0, 0.0, 0.0, 0.0, 0.0, 0.0, 1.740776617999815E9, 0.0, 2025-02-28 15:03:37.999
54.0, -47118.639602498966, -31581.942031615024, 102138.48675948224, -50777.19548668808, -55147.497969567536, -52344.56686312758, -65118.3205984021, -54575.159201044946, 18892.767297359384, -38037.86343787473, -57127.79547307438, -48458.24670293888, -52791.37823478917, -55126.35321931282, -36237.251608044106, -44324.89506303013, 0.06, 0.978, 0.03, 192.0, 0.0, 0.0, 0.0, 0.0, 0.0, 0.0, 0.0, 0.0, 0.0, 1.740776618000072E9, 0.0, 2025-02-28 15:03:38.000
56.0, -47136.36453585202, -31615.670813998084, 102154.28944281215, -50806.833899835816, -55174.409469891725, -52373.69118615284, -65149.54598540616, -54606.116367115545, 18769.966813321927, -38050.268656047425, -57126.47672015151, -48467.25445595437, -52788.11488009869, -55133.90810893871, -36233.83179114244, -44326.61614735319, 0.06, 0.978, 0.03, 192.0, 0.0, 0.0, 0.0, 0.0, 0.0, 0.0, 0.0, 0.0, 0.0, 1.740776618000323E9, 0.0, 2025-02-28 15:03:38.000
58.0, -47128.45201831484, -31626.086726914255, 102176.39531807844, -50810.3431237153, -55175.7729263035, -52374.58525593105, -65149.143654005966, -54601.26603856874, 18900.948035830028, -38078.81183371685, -57143.21817674854, -48489.11446203166, -52805.99627566293, -55157.2656818945, -36253.92600940776, -44345.54807490684, 0.06, 0.978, 0.03, 192.0, 0.0, 0.0, 0.0, 0.0, 0.0, 0.0, 0.0, 0.0, 0.0, 1.740776618000573E9, 0.0, 2025-02-28 15:03:38.000
60.0, -47122.32764033409, -31622.130468145668, 102151.58488173306, -50816.623963907245, -55175.48235362558, -52378.7650321442, -65149.79185459517, -54604.32822755912, 18717.99900746334, -38092.848729234785, -57144.82750234932, -48497.60812492468, -52805.72805472947, -55170.02852797849, -36260.251553088616, -44353.46059244402, 0.06, 0.984, 0.03, 192.0, 0.5, 112.0, 15.0, 96.0, 0.0, 120.0, 0.0, 0.0, 0.0, 1.74077661800081E9, 0.0, 2025-02-28 15:03:38.000
62.0, -47110.50356751723, -31616.02844190937, 102121.52178544067, -50814.70171388408, -55167.43572562167, -52374.94288384234, -65130.92698227489, -54589.95605587436, 18918.3153412718, -38075.794348215386, -57132.69050511009, -48484.95703756298, -52791.66880746708, -55161.04312670745, -36250.61795122838, -44344.81046733981, 0.06, 0.984, 0.03, 192.0, 0.0, 0.0, 0.0, 0.0, 0.0, 0.0, 0.0, 0.0, 0.0, 1.740776618001067E9, 0.0, 2025-02-28 15:03:38.001
64.0, -47120.584204266575, -31634.625093296185, 102137.77150365968, -50834.9523943606, -55177.8739902823, -52394.679474196375, -65142.41577892492, -54607.43512003841, 18705.75025150183, -38094.43570309111, -57141.251223236475, -48497.74223539141, -52793.2110778345, -55173.44834488015, -36251.020282628575, -44352.83474359927, 0.06, 0.984, 0.03, 192.0, 0.0, 0.0, 0.0, 0.0, 0.0, 0.0, 0.0, 0.0, 0.0, 1.740776618001313E9, 0.0, 2025-02-28 15:03:38.001
66.0, -47108.80483493863, -31618.68829949955, 102160.45852428181, -50832.2478332815, -55169.022699477995, -52390.85732589452, -65130.614057852516, -54595.208715821354, 18938.3201525593, -38097.877871737226, -57143.620508148735, -48505.58769769522, -52799.55897325981, -55179.25979843853, -36264.587791512946, -44367.09515656175, 0.06, 0.984, 0.03, 192.0, 0.0, 0.0, 0.0, 0.0, 0.0, 0.0, 0.0, 0.0, 0.0, 1.740776618001551E9, 0.0, 2025-02-28 15:03:38.001
68.0, -47109.542442505655, -31618.35302333272, 102155.58584399056, -50846.10591484379, -55176.8234582929, -52406.347084802044, -65139.66651435692, -54610.9890474068, 18694.440268807444, -38102.214110161556, -57147.08502853931, -48511.421502998055, -52804.18578436205, -55181.606731606335, -36267.873497947876, -44372.88425837568, 0.06, 0.984, 0.03, 192.0, 0.0, 0.0, 0.0, 0.0, 0.0, 0.0, 0.0, 0.0, 0.0, 1.74077661800178E9, 0.0, 2025-02-28 15:03:38.001
70.0, -47091.54928821913, -31598.191749834034, 102134.82107339158, -50834.43830423812, -55161.24429240755, -52394.27714279618, -65129.921153774405, -54598.628532723014, 18953.2734695999, -38090.97118270054, -57134.188071988596, -48504.090130816716, -52801.749444216424, -55167.03339422148, -36273.90846895081, -44371.118470563706, 0.062, 0.98, 0.028, 192.0, 0.5, 120.0, 15.0, 80.0, 0.0, 112.0, 0.0, 0.0, 0.0, 1.740776618002027E9, 0.0, 2025-02-28 15:03:38.002
72.0, -47085.26844802719, -31587.954650873504, 102151.42841952186, -50838.61808045126, -55154.09173418185, -52393.58423871807, -65130.09996773004, -54595.94632338838, 18708.343053858647, -38078.230688361014, -57119.77119681492, -48488.24274399791, -52792.45111852302, -55151.58833880286, -36262.486727534146, -44357.148630279145, 0.062, 0.98, 0.028, 192.0, 0.0, 0.0, 0.0, 0.0, 0.0, 0.0, 0.0, 0.0, 0.0, 1.740776618002289E9, 0.0, 2025-02-28 15:03:38.002
74.0, -47082.67564567037, -31583.998392104913, 102172.8637424545, -50842.44022875312, -55151.20835914712, -52394.1653840739, -65129.54117411866, -54593.42057626493, 18980.14026643518, -38084.44447331959, -57124.86739455073, -48497.40695922458, -52808.38791231965, -55158.69619353965, -36281.351599854424, -44368.5703716958, 0.062, 0.98, 0.028, 192.0, 0.0, 0.0, 0.0, 0.0, 0.0, 0.0, 0.0, 0.0, 0.0, 1.740776618002545E9, 0.0, 2025-02-28 15:03:38.002
76.0, -47071.32095948708, -31573.604830933196, 102148.32152704257, -50839.601557207294, -55137.93142294067, -52389.35975901601, -65123.52855486018, -54590.89482914148, 18724.883344755573, -38078.63301976121, -57120.329990426304, -48488.13098527563, -52801.19065060504, -55148.43674283466, -36275.54014629604, -44358.37797622418, 0.062, 0.98, 0.028, 192.0, 0.0, 0.0, 0.0, 0.0, 0.0, 0.0, 0.0, 0.0, 0.0, 1.740776618002791E9, 0.0, 2025-02-28 15:03:38.002
78.0, -47067.56586641859, -31568.463929708476, 102117.47611969426, -50832.985440848526, -55126.39792280173, -52383.145974057436, -65114.20787742232, -54581.88707612599, 18978.66505130113, -38068.19475510058, -57107.52244085341, -48477.871534570644, -52793.38989179014, -55136.523263039984, -36270.19807937123, -44350.44310694255, 0.062, 0.98, 0.028, 192.0, 0.0, 0.0, 0.0, 0.0, 0.0, 0.0, 0.0, 0.0, 0.0, 1.74077661800304E9, 0.0, 2025-02-28 15:03:38.003
80.0, -47068.079956541056, -31569.022723319857, 102134.39639024693, -50841.72497293055, -55124.207451845105, -52394.07597709608, -65119.862868769516, -54592.2359338088, 18742.496519386354, -38071.21224060205, -57113.24448743397, -48478.45267992648, -52791.22177257798, -55135.539786283945, -36268.83462295945, -44349.929016820075, 0.058, 0.98, 0.028, 192.0, 0.5, 104.0, 15.0, 80.0, 0.0, 112.0, 0.0, 0.0, 0.0, 1.740776618003289E9, 0.0, 2025-02-28 15:03:38.003
82.0, -47086.83307013906, -31588.133464829145, 102155.00469863472, -50856.83475218234, -55135.67389675068, -52407.50937551372, -65136.09023524407, -54603.255343825265, 18962.258870870934, -38086.120854153734, -57127.84017656329, -48498.010456324875, -52805.77275821838, -55154.9187487267, -36289.57704181398, -44369.48679321847, 0.058, 0.98, 0.028, 192.0, 0.0, 0.0, 0.0, 0.0, 0.0, 0.0, 0.0, 0.0, 0.0, 1.740776618003541E9, 0.0, 2025-02-28 15:03:38.003
84.0, -47072.23738100975, -31578.16458680208, 102148.96972763177, -50847.87170265576, -55120.56411749889, -52400.55798298812, -65125.875488027996, -54596.08043385511, 18747.033923510782, -38088.087807665805, -57129.7847783309, -48492.53427893332, -52799.22369709298, -55155.29872838244, -36280.457530076215, -44360.36728148071, 0.058, 0.98, 0.028, 192.0, 0.0, 0.0, 0.0, 0.0, 0.0, 0.0, 0.0, 0.0, 0.0, 1.740776618003779E9, 0.0, 2025-02-28 15:03:38.003
86.0, -47061.46384018229, -31567.033418063336, 102138.06207633759, -50838.88630138473, -55110.662294705195, -52393.27131429569, -65115.88425825647, -54586.22331455032, 18928.798309421338, -38075.45907204856, -57112.64099033368, -48481.35840670567, -52789.23246732145, -55149.39786784624, -36271.785053227555, -44355.718118634, 0.058, 0.98, 0.028, 192.0, 0.0, 0.0, 0.0, 0.0, 0.0, 0.0, 0.0, 0.0, 0.0, 1.740776618004021E9, 0.0, 2025-02-28 15:03:38.004
88.0, -47079.09936655752, -31582.791397904326, 102153.99887013422, -50853.68315621414, -55124.229803589566, -52409.90101217044, -65127.12718571749, -54601.89188741349, 18787.222360041425, -38076.01786565994, -57114.78675780139, -48476.888057814605, -52787.35492078721, -55144.52518755498, -36263.62666650137, -44352.16419126561, 0.058, 0.98, 0.028, 192.0, 0.0, 0.0, 0.0, 0.0, 0.0, 0.0, 0.0, 0.0, 0.0, 1.740776618004258E9, 0.0, 2025-02-28 15:03:38.004
90.0, -47083.45795672631, -31584.82540664976, 102175.23302736676, -50859.58401675034, -55130.68945773715, -52414.125491872495, -65139.95708703484, -54609.87146018404, 18904.63607366515, -38099.241328149, -57134.61275513325, -48500.804424381786, -52812.098301899234, -55165.42406862069, -36288.12417842438, -44377.756938666935, 0.06, 0.982, 0.028, 192.0, 0.5, 112.0, 15.0, 88.0, 0.0, 112.0, 0.0, 0.0, 0.0, 1.740776618004505E9, 0.0, 2025-02-28 15:03:38.004
92.0, -47090.40934925191, -31593.363773031688, 102149.12618984297, -50863.517923774474, -55141.261832864504, -52418.729951230285, -65143.332200447585, -54612.352503818576, 18807.853020173672, -38096.58147055882, -57134.16572024414, -48494.724749889945, -52806.935048930056, -55157.355088872326, -36281.8656899769, -44367.698653662046, 0.06, 0.982, 0.028, 192.0, 0.0, 0.0, 0.0, 0.0, 0.0, 0.0, 0.0, 0.0, 0.0, 1.740776618004765E9, 0.0, 2025-02-28 15:03:38.004
94.0, -47083.4132532374, -31579.371581002666, 102118.101968539, -50851.17976083515, -55135.45037930613, -52407.75524470273, -65138.34776143405, -54606.45164328237, 18864.559395856788, -38099.39779036019, -57132.645801621176, -48496.69170340201, -52815.65222926763, -55159.00911796202, -36293.443893604745, -44372.19135429757, 0.06, 0.982, 0.028, 192.0, 0.0, 0.0, 0.0, 0.0, 0.0, 0.0, 0.0, 0.0, 0.0, 1.740776618005018E9, 0.0, 2025-02-28 15:03:38.005
96.0, -47083.815584637596, -31586.658249695094, 102135.29046002513, -50855.694813215116, -55132.879928693765, -52410.99624764875, -65131.731645075284, -54602.87536416952, 18836.887936221116, -38091.41821758964, -57125.29207769538, -48486.63341839712, -52803.47052853949, -55142.49117880955, -36280.77045449858, -44359.83083961378, 0.06, 0.982, 0.028, 192.0, 0.0, 0.0, 0.0, 0.0, 0.0, 0.0, 0.0, 0.0, 0.0, 1.740776618005276E9, 0.0, 2025-02-28 15:03:38.005
98.0, -47095.50554698772, -31598.035287622846, 102156.59167249103, -50875.87843845826, -55144.90516721072, -52428.20709087933, -65150.10477901754, -54622.14256789, 18829.19893612849, -38108.53965384241, -57136.758522600954, -48505.65475292859, -52817.574479290786, -55159.29969063994, -36296.260213406116, -44381.24381080196, 0.06, 0.982, 0.028, 192.0, 0.0, 0.0, 0.0, 0.0, 0.0, 0.0, 0.0, 0.0, 0.0, 1.740776618005532E9, 0.0, 2025-02-28 15:03:38.005
100.0, -47079.72521540227, -31589.362810774186, 102145.54991073011, -50864.63551099724, -55122.419312288686, -52409.006942392225, -65125.00376999423, -54596.92980014441, 18859.977288243448, -38108.91963349815, -57139.8877668247, -48506.817043640265, -52803.53758377285, -55159.456152851126, -36292.4157133598, -44380.17092706811, 0.062, 0.984, 0.026000000000000002, 192.0, 0.5, 120.0, 15.0, 96.0, 0.0, 104.0, 0.0, 0.0, 0.0, 1.74077661800578E9, 0.0, 2025-02-28 15:03:38.005
102.0, -47087.39186375045, -31592.559110231297, 102135.4022187474, -50872.615083767785, -55128.09665538033, -52413.74551221675, -65123.640313582466, -54601.06487286864, 18787.088249574692, -38100.44832234959, -57131.237641720494, -48503.33017150524, -52792.09349061173, -55152.750629514536, -36281.03867543205, -44373.845383387255, 0.062, 0.984, 0.026000000000000002, 192.0, 0.0, 0.0, 0.0, 0.0, 0.0, 0.0, 0.0, 0.0, 0.0, 1.740776618006045E9, 0.0, 2025-02-28 15:03:38.006
104.0, -47085.38020674947, -31600.717496957484, 102153.0153933782, -50865.3060633309, -55124.31921056738, -52406.347084802044, -65112.866772755006, -54591.6324367085, 18896.723556127974, -38105.25394740748, -57135.75269410047, -48504.425406983544, -52793.993388890434, -55151.94596671414, -36281.217489387695, -44369.1738687961, 0.062, 0.984, 0.026000000000000002, 192.0, 0.0, 0.0, 0.0, 0.0, 0.0, 0.0, 0.0, 0.0, 0.0, 1.740776618006291E9, 0.0, 2025-02-28 15:03:38.006
106.0, -47103.08278835807, -31621.214046622998, 102174.02603316618, -50884.282694373454, -55147.18504514516, -52428.38590483498, -65141.0746742576, -54616.4428730539, 18761.070819028715, -38119.40260164769, -57142.50292092597, -48513.61197395468, -52809.796072220335, -55162.384231374774, -36291.633402303865, -44380.32738927929, 0.062, 0.984, 0.026000000000000002, 192.0, 0.0, 0.0, 0.0, 0.0, 0.0, 0.0, 0.0, 0.0, 0.0, 1.740776618006534E9, 0.0, 2025-02-28 15:03:38.006
108.0, -47071.566828676085, -31627.606645537217, 102150.69081195485, -50871.94453143413, -55129.30364958092, -52414.48311978378, -65122.05333972614, -54598.27090481173, 18907.69826265553, -38136.36757568927, -57150.01310706295, -48522.060933358785, -52814.31112460031, -55172.12959195729, -36302.89868150934, -44386.58587772678, 0.062, 0.984, 0.026000000000000002, 192.0, 0.0, 0.0, 0.0, 0.0, 0.0, 0.0, 0.0, 0.0, 0.0, 1.740776618006772E9, 0.0, 2025-02-28 15:03:38.006
110.0, -47099.260640056214, -31649.243134169956, 102120.11362553998, -50881.33226410535, -55136.85853920681, -52422.86502395452, -65129.34000841856, -54607.52452701623, 18720.41299586451, -38127.49393314051, -57131.8858423097, -48508.96281110797, -52793.25578132341, -55159.63496680677, -36283.452663833225, -44369.799717640846, 0.064, 0.986, 0.028, 192.0, 1.0, 0.0, 15.0, 104.0, 0.0, 112.0, 0.0, 0.0, 0.0, 1.740776618007013E9, 0.0, 2025-02-28 15:03:38.007
112.0, -47128.31790784811, -31708.341146509785, 102136.58686120354, -50884.39445309573, -55134.60101301683, -52422.26152685422, -65124.333217660576, -54603.65767522546, 18897.796439861828, -38151.20913400759, -57164.944072359096, -48532.87917767515, -52816.18867113456, -55173.090716968865, -36299.523568096585, -44385.78121492639, 0.064, 0.986, 0.028, 192.0, 0.0, 0.0, 0.0, 0.0, 0.0, 0.0, 0.0, 0.0, 0.0, 1.740776618007354E9, 0.0, 2025-02-28 15:03:38.007
114.0, -47139.09144867557, -31750.496536552495, 102158.37981204747, -50911.55182260893, -55154.31525162641, -52443.80860850914, -65148.11547376103, -54629.31747786015, 18622.467651661354, -38182.45687275611, -57177.17047657615, -48551.74404999543, -52816.1663193901, -55183.73014732959, -36297.154283184325, -44390.56448823983, 0.064, 0.986, 0.028, 192.0, 0.0, 0.0, 0.0, 0.0, 0.0, 0.0, 0.0, 0.0, 0.0, 1.740776618007611E9, 0.0, 2025-02-28 15:03:38.007
118.0, -47172.0826234916, -31813.886083827747, 102138.73262867125, -50900.10772944782, -55136.63502176226, -52422.26152685422, -65132.60336310904, -54607.166899104945, 18531.42899649489, -38205.41211431171, -57203.880811200244, -48573.358186883714, -52819.854357225224, -55181.69613858416, -36296.79665527304, -44387.36818878272, 0.064, 0.986, 0.028, 192.0, 0.0, 0.0, 0.0, 0.0, 0.0, 0.0, 0.0, 0.0, 0.0, 1.740776618007881E9, 0.0, 2025-02-28 15:03:38.007
120.0, -47189.360521955554, -31842.07163358589, 102154.46825676778, -50918.86084304582, -55155.83517024937, -52439.45001834036, -65156.072694787115, -54625.18240513592, 18760.556728906242, -38226.08747793287, -57213.26854387147, -48586.18808820106, -52824.23529913847, -55191.59796137786, -36301.42346637529, -44391.01152312893, 0.058, 0.978, 0.028, 192.0, 0.5, 104.0, 15.0, 72.0, 0.0, 112.0, 0.0, 0.0, 0.0, 1.740776618008138E9, 0.0, 2025-02-28 15:03:38.008
122.0, -47194.76964411374, -31853.627485469282, 102177.13292564546, -50919.15141572373, -55159.322042384396, -52443.830960253596, -65157.0785232876, -54634.45837908488, 18487.306652940115, -38235.877542004295, -57228.46773010108, -48598.34743718475, -52833.153645176135, -55208.6299906528, -36314.9239200263, -44407.50711053695, 0.058, 0.978, 0.028, 192.0, 0.0, 0.0, 0.0, 0.0, 0.0, 0.0, 0.0, 0.0, 0.0, 1.740776618008395E9, 0.0, 2025-02-28 15:03:38.008
124.0, -47184.756062597764, -31846.765499921505, 102152.97068988928, -50915.17280521069, -55158.78560051747, -52436.499588072256, -65153.45754068584, -54623.66248651296, 18726.067987211703, -38242.381899640786, -57228.981820223555, -48601.5213848974, -52831.07493294179, -55209.79228136448, -36310.34181241296, -44402.96970641252, 0.058, 0.978, 0.028, 192.0, 0.0, 0.0, 0.0, 0.0, 0.0, 0.0, 0.0, 0.0, 0.0, 1.740776618008649E9, 0.0, 2025-02-28 15:03:38.008
126.0, -47187.77354809923, -31859.21542158311, 102121.83470986303, -50929.63438387327, -55171.72726055709, -52450.76000103474, -65165.48277920279, -54638.548748320194, 18474.4096963894, -38241.28666416248, -57233.34041039234, -48607.17637624459, -52828.72799977398, -55216.45310121216, -36312.66639383631, -44409.6305262602, 0.058, 0.978, 0.028, 192.0, 0.0, 0.0, 0.0, 0.0, 0.0, 0.0, 0.0, 0.0, 0.0, 1.740776618008894E9, 0.0, 2025-02-28 15:03:38.008
128.0, -47214.14860655649, -31870.771273466504, 102137.12330307048, -50936.98810779907, -55188.64753110976, -52457.42082088242, -65177.82094214213, -54643.89081524502, 18713.46160333891, -38250.78615555599, -57239.15186395072, -48618.41930370561, -52844.86595927071, -55231.62993569731, -36326.21155097622, -44423.15333165567, 0.058, 0.978, 0.028, 192.0, 0.0, 0.0, 0.0, 0.0, 0.0, 0.0, 0.0, 0.0, 0.0, 1.740776618009141E9, 0.0, 2025-02-28 15:03:38.009
130.0, -47211.958135599874, -31863.43990128516, 102160.12324811498, -50926.84041581636, -55187.775813076, -52452.95047199136, -65176.546892708175, -54643.82376001165, 18466.117199196484, -38249.66856833322, -57247.42200939918, -48614.70891412603, -52850.18567445108, -55229.75238916307, -36324.80339107554, -44419.353535098264, 0.056, 0.976, 0.028, 192.0, 0.5, 96.0, 15.0, 64.0, 0.0, 112.0, 0.0, 0.0, 0.0, 1.740776618009383E9, 0.0, 2025-02-28 15:03:38.009
132.0, -41541.92406438876, -26245.328932443732, 102282.25317981878, -44700.71729430167, -49628.06995249629, -46819.416799475766, -58757.90819619992, -48960.78097352755, 18688.5617600157, -38249.154478210745, -57250.73006757857, -48620.25214675095, -52865.67543335861, -55238.76014217856, -36341.16486801683, -44435.11151493925, 0.056, 0.976, 0.028, 192.0, 0.0, 0.0, 0.0, 0.0, 0.0, 0.0, 0.0, 0.0, 0.0, 1.74077661806215E9, 0.0, 2025-02-28 15:03:38.062
188.0, -41543.10870684489, -26249.799281334792, 102256.32515625062, -44706.41698913777, -49637.68120261207, -46823.01543033307, -58770.469876583804, -48956.891769992326, 26148.65763767453, -32931.786231015474, -51666.07966018673, -42994.13925339452, -47245.28458658273, -49640.00578403542, -30701.68563147612, -38794.26882198678, 0.056, 0.976, 0.028, 192.0, 0.0, 0.0, 0.0, 0.0, 0.0, 0.0, 0.0, 0.0, 0.0, 1.740776618062415E9, 0.0, 2025-02-28 15:03:38.062
190.0, -41511.95037507419, -26227.514592112853, 102227.84903381456, -44679.907820213775, -49608.40041737562, -46798.4955666656, -58749.59334726255, -48905.03572285602, 26533.979360339566, -32930.6239403038, -51648.667651256044, -42974.60382874058, -47230.688897453416, -49617.27405992438, -30688.699267947588, -38772.855850798594, 0.022, 1.01, 0.218, 192.0, 0.0, 88.0, 15.5, 72.0, 3.0, 104.0, 0.0, 0.0, 0.0, 1.740776618062669E9, 0.0, 2025-02-28 15:03:38.062
192.0, -41531.195227050215, -26242.33379868672, 102243.47290318883, -44713.99423050812, -49636.87653981168, -46835.57711071696, -58792.06166172763, -48956.73530778114, 26117.812230326206, -32927.51704782451, -51639.14580811808, -42974.93910490741, -47229.19133057491, -49619.46453088099, -30686.419390013147, -38776.4544816559, 0.022, 1.01, 0.218, 192.0, 0.0, 0.0, 0.0, 0.0, 0.0, 0.0, 0.0, 0.0, 0.0, 1.740776618062952E9, 0.0, 2025-02-28 15:03:38.062
194.0, -41553.54697150552, -26267.278345498842, 102265.19879879938, -44744.95139657872, -49660.390574978665, -46854.55374175951, -58836.22870877132, -48991.46991866469, 26716.838981728433, -32952.551001614454, -51670.974692222444, -43011.64066930302, -47262.33896760213, -49650.64521439615, -30726.518419565968, -38810.49618846133, 0.022, 1.01, 0.218, 192.0, 0.0, 0.0, 0.0, 0.0, 0.0, 0.0, 0.0, 0.0, 0.0, 1.740776618063225E9, 0.0, 2025-02-28 15:03:38.063
196.0, -41562.308855332005, -26264.663191397573, 102264.12591506552, -44774.992141126655, -49668.95129310504, -46866.08724189845, -58868.45992427587, -49005.484462438166, 26309.053755885812, -32969.67243786722, -51690.554820365294, -43035.489980636834, -47280.77915677776, -49671.94642686206, -30737.69429179362, -38822.767296167294, 0.022, 1.01, 0.218, 192.0, 0.0, 0.0, 0.0, 0.0, 0.0, 0.0, 0.0, 0.0, 0.0, 1.740776618063485E9, 0.0, 2025-02-28 15:03:38.063
198.0, -41556.67621572927, -26248.9946185344, 102241.97533631031, -44771.19234456925, -49659.407098222626, -46853.14558185883, -58886.944816940406, -48995.87321232238, 26886.689887844313, -32969.15834774475, -51689.48193663144, -43034.0594689917, -47279.39334862153, -49663.5198192024, -30729.17827715615, -38807.67986865996, 0.022, 1.01, 0.218, 192.0, 0.0, 0.0, 0.0, 0.0, 0.0, 0.0, 0.0, 0.0, 0.0, 1.740776618122507E9, 0.0, 2025-02-28 15:03:38.122
200.0, -41589.62268705639, -26280.130598560645, 102257.24157777328, -44809.100903165454, -49700.46725278703, -46891.43412011077, -58959.1185997866, -49036.88866339787, 26348.661047060617, -32969.1806994892, -51696.366273923675, -43039.692108594434, -47285.718892302386, -49670.381804750185, -30728.08304167784, -38813.08899081814, 0.068, 0.9460000000000001, 0.216, 192.0, 1.0, 16.0, 14.5, 72.0, 3.0, 96.0, 0.0, 0.0, 0.0, 1.740776618122811E9, 0.0, 2025-02-28 15:03:38.122
202.0, -41604.464245374715, -26295.48624700144, 102278.1851623279, -44823.651888805856, -49715.35351459426, -46906.34273366246, -58972.88727437107, -49033.11121858493, 26828.97768366071, -33019.24860706909, -51744.57898671377, -43084.23913529386, -47334.289233003765, -49715.88995646119, -30772.38419918826, -38864.02861643179, 0.068, 0.9460000000000001, 0.216, 192.0, 0.0, 0.0, 0.0, 0.0, 0.0, 0.0, 0.0, 0.0, 0.0, 1.740776618123086E9, 0.0, 2025-02-28 15:03:38.123
204.0, -41601.75968429562, -26286.81377015278, 102254.7381823943, -44820.835569004485, -49714.54885179387, -46903.19113769426, -58973.93780636047, -49022.22591903519, 26092.53240734725, -32993.07471431192, -51730.47503596247, -43061.41800420499, -47319.35826770762, -49696.5780492518, -30752.71466406759, -38849.07529939119, 0.068, 0.9460000000000001, 0.216, 192.0, 0.0, 0.0, 0.0, 0.0, 0.0, 0.0, 0.0, 0.0, 0.0, 1.740776618123323E9, 0.0, 2025-02-28 15:03:38.123
206.0, -41614.47782689069, -26305.857456428705, 102222.9763535233, -44823.67424055031, -49728.16106416715, -46910.656620342335, -58981.49269598636, -49021.197738790244, 26550.92198263669, -33015.62762446733, -51741.449742490026, -43073.77851888878, -47341.71001216293, -49710.369075580726, -30769.836100320354, -38867.35902635563, 0.068, 0.9460000000000001, 0.216, 192.0, 0.0, 0.0, 0.0, 0.0, 0.0, 0.0, 0.0, 0.0, 0.0, 1.740776618123574E9, 0.0, 2025-02-28 15:03:38.123
208.0, -41646.46317320623, -26349.30924764982, 102239.40488569795, -44848.954063529265, -49767.41072743067, -46944.18423702529, -59002.19041135197, -49051.327890316, 26167.65662046154, -33018.2427785686, -51744.89191113615, -43068.95054208643, -47349.35430876664, -49719.17566289612, -30773.144158499737, -38868.700131022946, 0.068, 0.9460000000000001, 0.216, 192.0, 0.0, 0.0, 0.0, 0.0, 0.0, 0.0, 0.0, 0.0, 0.0, 1.740776618123814E9, 0.0, 2025-02-28 15:03:38.123
210.0, -41671.11714734044, -26382.054553276845, 102260.54963595267, -44858.83353457851, -49791.21533527558, -46963.31733027904, -59013.05335915725, -49062.4814107992, 26880.341992419006, -33068.08716870393, -51785.30386511134, -43110.07775188419, -47402.037370447804, -49764.75086984049, -30827.078917870396, -38919.34918395867, 0.088, 0.922, 0.222, 192.0, 1.0, 96.0, 14.0, 104.0, 3.0, 120.0, 0.0, 0.0, 0.0, 1.740776618124053E9, 0.0, 2025-02-28 15:03:38.124
