%OpenBCI Raw EXG Data
%Number of channels = 16
%Sample Rate = 125 Hz
%Board = OpenBCI_GUI$BoardCytonSerialDaisy
Sample Index, EXG Channel 0, EXG Channel 1, EXG Channel 2, EXG Channel 3, EXG Channel 4, EXG Channel 5, EXG Channel 6, EXG Channel 7, EXG Channel 8, EXG Channel 9, EXG Channel 10, EXG Channel 11, EXG Channel 12, EXG Channel 13, EXG Channel 14, EXG Channel 15, Accel Channel 0, Accel Channel 1, Accel Channel 2, Not Used, Digital Channel 0 (D11), Digital Channel 1 (D12), Digital Channel 2 (D13), Digital Channel 3 (D17), Not Used, Digital Channel 4 (D18), Analog Channel 0, Analog Channel 1, Analog Channel 2, Timestamp, Marker Channel, Timestamp (Formatted)
0.0, 8004.137337701004, 8925.990334271233, -22331.538478319464, -13394.819306709685, -17910.20696284854, 12945.102208268907, -39714.84776912305, 5435.072533496921, 0.0, 0.0, 0.0, 0.0, 0.0, 0.0, 0.0, 0.0, -0.07100000000000001, 0.48, -0.069, 192.0, 125.5, 72.0, 15.0, 0.0, 125.5, 88.0, 0.0, 0.0, 0.0, 1.741714942221706E9, 0.0, 2025-03-11 12:42:22.221
2.0, 8009.010017992261, 8925.588002871038, -22324.922361960693, -13394.55108577622, -17881.149695056643, 12945.437484435735, -39708.723391142295, 5435.608975363848, 8006.886602269006, 8923.553994125605, -22326.866963728306, -13395.556914276709, -17895.611273719227, 12944.185786746239, -39711.76322838822, 5434.580795118904, -0.07100000000000001, 0.48, -0.069, 192.0, 0.0, 0.0, 0.0, 0.0, 0.0, 0.0, 0.0, 0.0, 0.0, 1.741714942237739E9, 0.0, 2025-03-11 12:42:22.237
4.0, 8016.855480296073, 8938.037924532644, -22309.857286197817, -13378.413126279489, -17900.68511971058, 12968.90681611381, -39696.22876599178, 5455.41262095125, 8021.661105353965, 8932.271174463174, -22315.51227754501, -13386.437402538944, -17898.047613864856, 12959.496731698124, -39700.47559743829, 5448.148304003275, -0.07100000000000001, 0.48, -0.069, 192.0, 0.0, 0.0, 0.0, 0.0, 0.0, 0.0, 0.0, 0.0, 0.0, 1.741714942283824E9, 0.0, 2025-03-11 12:42:22.283
6.0, 8028.746608346297, 8922.9057935364, -22316.361643834312, -13388.091431628638, -17899.321663298808, 12951.56186241649, -39715.093638312064, 5442.560367889449, 8002.595067333587, 8931.891194807435, -22314.975835678084, -13383.643434482032, -17899.209904576528, 12959.072048553473, -39707.829321364086, 5448.438876681194, -0.07100000000000001, 0.48, -0.069, 192.0, 0.0, 0.0, 0.0, 0.0, 0.0, 0.0, 0.0, 0.0, 0.0, 1.741714942284312E9, 0.0, 2025-03-11 12:42:22.284
8.0, 8025.0138670222605, 8928.225508716763, -22308.538533274954, -13377.139076845537, -17908.01649189192, 12963.318879999983, -39704.20833876233, 5452.104562771865, 8022.666933854453, 8924.470415648273, -22314.88642870026, -13385.051594382716, -17912.419785549617, 12954.333478728948, -39712.14320804396, 5444.281452212507, -0.14200000000000002, 0.966, -0.136, 192.0, 125.5, 72.0, 15.0, 24.0, 125.5, 96.0, 0.0, 0.0, 0.0, 1.741714942284729E9, 0.0, 2025-03-11 12:42:22.284
10.0, 8005.567849346144, 8916.066159733076, -22323.737719504563, -13392.204152608414, -17890.157448072132, 12944.185786746239, -39720.43570523688, 5434.603146863359, 8014.553250617177, 8920.916488279878, -22315.28876010046, -13384.068117626683, -17895.745384185957, 12953.640574650834, -39711.38324873248, 5443.8567690678565, -0.14200000000000002, 0.966, -0.136, 192.0, 0.0, 0.0, 0.0, 0.0, 0.0, 0.0, 0.0, 0.0, 0.0, 1.741714942397009E9, 0.0, 2025-03-11 12:42:22.397
12.0, 8022.9575065323725, 8923.33047668105, -22312.78536472146, -13382.391736792533, -17922.209849621042, 12960.010821820597, -39708.96926033131, 5447.589510391893, 8014.866175039551, 8916.088511477532, -22319.110908402316, -13387.867914184084, -17907.860029680734, 12951.584214160946, -39716.837074379575, 5438.64881260977, -0.14200000000000002, 0.966, -0.136, 192.0, 0.0, 0.0, 0.0, 0.0, 0.0, 0.0, 0.0, 0.0, 0.0, 1.741714942397503E9, 0.0, 2025-03-11 12:42:22.397
14.0, 8019.604744864077, 8924.939802281833, -22310.818411209395, -13376.624986723065, -17895.41010801913, 12964.816446878487, -39702.33079222808, 5453.557426161459, 8018.196584963392, 8920.424749901862, -22314.46174555561, -13383.710489715397, -17916.59956176276, 12961.061353809995, -39709.639812664966, 5449.98114704861, -0.14200000000000002, 0.966, -0.136, 192.0, 0.0, 0.0, 0.0, 0.0, 0.0, 0.0, 0.0, 0.0, 0.0, 1.741714942397918E9, 0.0, 2025-03-11 12:42:22.397
16.0, 8008.875907525529, 8910.210002685786, -22319.088556657858, -13386.593864750132, -17939.77832076291, 12955.004031062608, -39715.20539703434, 5443.052106267465, 8019.336523930612, 8923.688104592336, -22309.65612049772, -13375.97678613386, -17906.92125641361, 12964.972909089674, -39702.59901316155, 5454.675013384225, -0.14200000000000002, 0.966, -0.136, 192.0, 0.0, 0.0, 0.0, 0.0, 0.0, 0.0, 0.0, 0.0, 0.0, 1.741714942398318E9, 0.0, 2025-03-11 12:42:22.398
18.0, 8021.8399193096075, 8925.0068575152, -22302.50356227202, -13373.294576799224, -17914.610256506236, 12958.960289831197, -39714.26662376722, 5444.84024582389, 8018.665971596954, 8920.715322579781, -22308.136201874757, -13376.088544856137, -17930.949381703067, 12959.630842164855, -39711.13737954347, 5446.404867935761, -0.14200000000000002, 0.966, -0.136, 192.0, 125.5, 72.0, 15.0, 24.0, 125.5, 96.0, 0.0, 0.0, 0.0, 1.741714942398601E9, 0.0, 2025-03-11 12:42:22.398
20.0, 8012.854518038574, 8923.106959236498, -22311.75718447652, -13376.490876256334, -17944.829815009813, 12957.105095041406, -39718.28993776917, 5438.604109120859, 8007.043064480194, 8917.47431963376, -22312.22657111008, -13380.961225147394, -17932.871631726222, 12949.617260648878, -39725.33073727259, 5433.083228240398, -0.14200000000000002, 0.966, -0.136, 192.0, 0.0, 0.0, 0.0, 0.0, 0.0, 0.0, 0.0, 0.0, 0.0, 1.741714942451966E9, 0.0, 2025-03-11 12:42:22.451
22.0, 8010.619343593043, 8916.647305088914, -22316.182829878668, -13381.274149569768, -17929.608277035746, 12952.299469983516, -39719.832208136584, 5436.279527697508, 8011.401654648978, 8918.323685923062, -22315.735794989563, -13378.860161168595, -17940.560631818847, 12956.769818874576, -39717.50762671323, 5438.26883295403, -0.14200000000000002, 0.966, -0.136, 192.0, 0.0, 0.0, 0.0, 0.0, 0.0, 0.0, 0.0, 0.0, 0.0, 1.741714942452387E9, 0.0, 2025-03-11 12:42:22.452
24.0, 8003.198564433881, 8908.533621851639, -22322.70953925962, -13388.113783373092, -17949.21075692305, 12950.690144382734, -39719.206359291835, 5434.625498607815, 8003.2879714117025, 8907.594848584515, -22322.88835321526, -13387.733803717352, -17927.21664037903, 12946.37625770286, -39722.38030700449, 5432.658545095747, -0.14200000000000002, 0.966, -0.136, 192.0, 0.0, 0.0, 0.0, 0.0, 0.0, 0.0, 0.0, 0.0, 0.0, 1.74171494249807E9, 0.0, 2025-03-11 12:42:22.498
26.0, 8017.034294251716, 8919.307162679097, -22309.477306542078, -13380.581245491654, -17912.93387567209, 12955.316955484981, -39708.05283880864, 5439.989917277088, 8013.30155292768, 8916.915526022378, -22314.975835678084, -13383.196399592925, -17937.721960273026, 12953.260594995094, -39712.45613246634, 5436.368934675328, -0.14200000000000002, 0.966, -0.136, 192.0, 0.0, 0.0, 0.0, 0.0, 0.0, 0.0, 0.0, 0.0, 0.0, 1.741714942498395E9, 0.0, 2025-03-11 12:42:22.498
28.0, 7993.341445129091, 8898.56474382457, -22329.70563527413, -13401.480126557366, -17965.862806542256, 12929.120710983361, -39736.37249903351, 5414.352466386851, 8001.991570233295, 8903.057444460088, -22321.949579948137, -13397.210943366403, -17930.435291580594, 12936.563841886978, -39728.68349894089, 5422.287335668485, -0.138, 0.964, -0.138, 192.0, 125.5, 88.0, 15.0, 16.0, 125.5, 88.0, 0.0, 0.0, 0.0, 1.741714942498684E9, 0.0, 2025-03-11 12:42:22.498
30.0, 8021.102311742582, 8922.950497025311, -22300.40249829322, -13370.634719209042, -17938.92895447361, 12958.379144475359, -39706.979955074785, 5445.22022547963, 8005.277276668225, 8905.04674971661, -22318.060376412916, -13388.784335706752, -17965.639289097704, 12944.252841979605, -39723.564949460626, 5429.328135171907, -0.138, 0.964, -0.138, 192.0, 0.0, 0.0, 0.0, 0.0, 0.0, 0.0, 0.0, 0.0, 0.0, 1.74171494255813E9, 0.0, 2025-03-11 12:42:22.558
32.0, 8007.691265069398, 8912.95926725379, -22308.672643741687, -13380.536542002743, -17954.686934314603, 12950.42192344927, -39716.74766740175, 5435.474864897116, 8010.440529637401, 8913.786281798635, -22307.197428607637, -13379.374251291067, -17933.944515460076, 12946.912699569786, -39717.7758476467, 5434.737257330091, -0.138, 0.964, -0.138, 192.0, 0.0, 0.0, 0.0, 0.0, 0.0, 0.0, 0.0, 0.0, 0.0, 1.741714942574143E9, 0.0, 2025-03-11 12:42:22.574
38.0, 8005.858422024063, 8925.185671470843, -22296.22272208008, -13372.020527365272, -17953.390533136193, 12957.820350863976, -39712.81376037762, 5441.778056833513, 7998.0129597202495, 8912.132252708943, -22305.18577160666, -13385.409222294, -17954.061085469853, 12947.94087981473, -39716.79237089067, 5435.452513152661, -0.132, 0.962, -0.138, 192.0, 125.5, 112.0, 15.0, 8.0, 125.5, 88.0, 0.0, 0.0, 0.0, 1.741714942729412E9, 0.0, 2025-03-11 12:42:22.729
42.0, 8002.505660355767, 8921.274116191164, -22299.061393625903, -13377.139076845537, -17961.884196029212, 12957.552129930513, -39720.18983604787, 5443.901472556767, 8004.316151656646, 8918.837776045535, -22301.87771342727, -13380.134210602548, -17970.154341477675, 12954.400533962315, -39719.04989708065, 5440.459303910649, -0.132, 0.962, -0.138, 192.0, 0.0, 0.0, 0.0, 0.0, 0.0, 0.0, 0.0, 0.0, 0.0, 1.741714942759442E9, 0.0, 2025-03-11 12:42:22.759
44.0, 7998.527049842722, 8949.705535138313, -22304.001129150525, -13395.288693343246, -17946.752065032968, 12955.384010718348, -39699.156844515426, 5456.977243063122, 7994.950770729873, 8916.110863221988, -22300.380146548767, -13379.307196057702, -17955.581004092815, 12955.339307229437, -39726.71654542882, 5440.682821355203, -0.132, 0.962, -0.138, 192.0, 0.0, 0.0, 0.0, 0.0, 0.0, 0.0, 0.0, 0.0, 0.0, 1.741714942864658E9, 0.0, 2025-03-11 12:42:22.864
80.0, 8014.262677939258, 8988.619922235004, -22297.429716280665, -13383.419917037478, -17940.895907985676, 12974.181827805261, -39694.105350268524, 5473.472830471138, 8014.463843639356, 8964.457686478816, -22315.780498478474, -13382.79406819273, -17985.577045151837, 12952.187711261238, -39710.824455121096, 5478.054938084476, -0.14400000000000002, 0.962, -0.14, 192.0, 0.0, 0.0, 0.0, 0.0, 0.0, 0.0, 0.0, 0.0, 0.0, 1.741714942983855E9, 0.0, 2025-03-11 12:42:22.983
66.0, 8001.499831855278, 8936.741523354236, -22322.731891004074, -13392.852353197617, -17965.818103053345, 12955.048734551518, -39699.648582893446, 5463.191028021697, 8010.932268015417, 8987.211762334318, -22309.924341431182, -13386.258588583301, -17951.714152302047, 12958.51325494209, -39701.95081257234, 5468.376632735328, -0.14400000000000002, 0.962, -0.14, 192.0, 0.0, 0.0, 0.0, 0.0, 0.0, 0.0, 0.0, 0.0, 0.0, 1.741714943019851E9, 0.0, 2025-03-11 12:42:23.019
66.0, 7978.835162977596, 8932.114712251987, -22322.307207859423, -13383.308158315202, -17913.49266928347, 12944.074028023962, -39704.99064981826, 5456.932539574211, 8010.932268015417, 8987.211762334318, -22309.924341431182, -13386.258588583301, -17951.714152302047, 12958.51325494209, -39701.95081257234, 5468.376632735328, -0.14400000000000002, 0.962, -0.14, 192.0, 0.0, 0.0, 0.0, 0.0, 0.0, 0.0, 0.0, 0.0, 0.0, 1.74171494302018E9, 0.0, 2025-03-11 12:42:23.020
150.0, 7984.087822924594, 8944.564633913593, -22312.114812387805, -13375.328585544657, -17882.423744490596, 12948.27615598156, -39697.99455380375, 5465.5156094450485, 7971.235569862792, 8919.57538361256, -22330.443242841156, -13397.568571277687, -17943.846338253778, 12930.439463906225, -39713.14903654445, 5445.533149902004, -0.14400000000000002, 0.962, -0.14, 192.0, 0.0, 0.0, 0.0, 0.0, 0.0, 0.0, 0.0, 0.0, 0.0, 1.741714943035893E9, 0.0, 2025-03-11 12:42:23.035
148.0, 7978.678700766409, 8926.705590093803, -22321.390786336757, -13387.867914184084, -17929.608277035746, 12945.7057053692, -39708.030487064185, 5458.474809941627, 7977.024671676716, 8927.711418594292, -22325.07882417188, -13388.739632217841, -17931.038788680886, 12934.641591863823, -39704.118931784506, 5444.16969349023, -0.14400000000000002, 0.962, -0.14, 192.0, 0.0, 0.0, 0.0, 0.0, 0.0, 0.0, 0.0, 0.0, 0.0, 1.741714943112027E9, 0.0, 2025-03-11 12:42:23.112
148.0, 7957.399840044956, 8904.443252616316, -22347.251754671546, -13402.41889982449, -17957.41384713815, 12929.634801105834, -39718.13347555798, 5441.822760322423, 7977.024671676716, 8927.711418594292, -22325.07882417188, -13388.739632217841, -17931.038788680886, 12934.641591863823, -39704.118931784506, 5444.16969349023, -0.14400000000000002, 0.962, -0.14, 192.0, 0.0, 0.0, 0.0, 0.0, 0.0, 0.0, 0.0, 0.0, 0.0, 1.741714943142101E9, 0.0, 2025-03-11 12:42:23.142
148.0, 7997.342407386591, 8913.115729464977, -22312.13716413226, -13400.384891079057, -17970.489617644504, 12943.89521406832, -39725.82247565061, 5432.50208288456, 7977.024671676716, 8927.711418594292, -22325.07882417188, -13388.739632217841, -17931.038788680886, 12934.641591863823, -39704.118931784506, 5444.16969349023, -0.14400000000000002, 0.962, -0.14, 192.0, 0.0, 0.0, 0.0, 0.0, 0.0, 0.0, 0.0, 0.0, 0.0, 1.74171494314243E9, 0.0, 2025-03-11 12:42:23.142
102.0, 7995.777785274719, 8918.278982434153, -22311.667777498697, -13396.383928821557, -17981.620786383246, 12937.770836087566, -39725.91188262843, 5431.9432892731775, 8030.490044413811, 8963.474209722783, -22322.821297981896, -13380.558893747198, -17937.99018120649, 12943.917565812775, -39689.925574055385, 5459.391231464295, -0.14400000000000002, 0.962, -0.14, 192.0, 0.0, 0.0, 0.0, 0.0, 0.0, 0.0, 0.0, 0.0, 0.0, 1.741714943158082E9, 0.0, 2025-03-11 12:42:23.158
100.0, 7991.3744916170235, 8936.272136720674, -22310.170210620192, -13380.760059447297, -17917.471279796515, 12947.672658881267, -39698.2180712483, 5463.79452512199, 8022.219898965347, 8972.012576104711, -22320.474364814087, -13373.942777388427, -17967.427428654126, 12946.555071658502, -39684.874079808484, 5471.237656025607, -0.14400000000000002, 0.962, -0.14, 192.0, 0.0, 0.0, 0.0, 0.0, 0.0, 0.0, 0.0, 0.0, 0.0, 1.741714943222259E9, 0.0, 2025-03-11 12:42:23.222
100.0, 8008.540631358699, 8929.924241295366, -22297.3626610473, -13383.151696104014, -17955.78216979291, 12946.912699569786, -39715.33950750107, 5438.827626565412, 8022.219898965347, 8972.012576104711, -22320.474364814087, -13373.942777388427, -17967.427428654126, 12946.555071658502, -39684.874079808484, 5471.237656025607, -0.14400000000000002, 0.962, -0.14, 192.0, 0.0, 0.0, 0.0, 0.0, 0.0, 0.0, 0.0, 0.0, 0.0, 1.741714943251298E9, 0.0, 2025-03-11 12:42:23.251
180.0, 7977.069375165627, 8924.693933092825, -22327.42575733969, -13392.60648400861, -17917.15835537414, 12933.7028185967, -39717.70879241333, 5449.735277859602, 7991.240381150292, 8948.319726982085, -22313.500620544033, -13369.69594594192, -17952.340001146797, 12952.56769091698, -39706.64467890796, 5455.569083162437, -0.14400000000000002, 0.962, -0.14, 192.0, 0.0, 0.0, 0.0, 0.0, 0.0, 0.0, 0.0, 0.0, 0.0, 1.741714943267352E9, 0.0, 2025-03-11 12:42:23.267
180.0, 8012.832166294118, 8936.227433231763, -22298.703765714617, -13382.525847259265, -17963.962908263555, 12951.360696716392, -39710.131551042985, 5446.941309802689, 7991.240381150292, 8948.319726982085, -22313.500620544033, -13369.69594594192, -17952.340001146797, 12952.56769091698, -39706.64467890796, 5455.569083162437, -0.14, 0.963, -0.137, 192.0, 125.5, 96.0, 15.0, 16.0, 125.5, 104.0, 0.0, 0.0, 0.0, 1.741714943315376E9, 0.0, 2025-03-11 12:42:23.315
180.0, 7945.307546294635, 8889.199362897798, -22345.41891162621, -13397.143888133036, -17952.451759869073, 12932.451120907202, -39714.33367900058, 5445.801370835468, 7991.240381150292, 8948.319726982085, -22313.500620544033, -13369.69594594192, -17952.340001146797, 12952.56769091698, -39706.64467890796, 5455.569083162437, -0.135, 0.9635, -0.1305, 192.0, 188.25, 168.0, 22.5, 24.0, 188.75, 68.0, 0.0, 0.0, 0.0, 1.74171494334743E9, 0.0, 2025-03-11 12:42:23.347
180.0, 8008.831204036618, 8931.421808173873, -22309.477306542078, -13391.399489808022, -17942.952268475565, 12942.062371022985, -39716.79237089067, 5437.531225387004, 7991.240381150292, 8948.319726982085, -22313.500620544033, -13369.69594594192, -17952.340001146797, 12952.56769091698, -39706.64467890796, 5455.569083162437, -0.135, 0.9635, -0.1305, 192.0, 94.125, 84.0, 11.25, 12.0, 94.375, 34.0, 0.0, 0.0, 0.0, 1.741714943395533E9, 0.0, 2025-03-11 12:42:23.395
174.0, 7980.668006022931, 8931.555918640604, -22319.647350269242, -13383.59873099312, -17900.886285410677, 12945.03515303554, -39710.48917895427, 5456.351394218373, 7986.345349114579, 8940.161340255898, -22316.89808570124, -13380.447135024922, -17908.418823292115, 12941.816501833977, -39710.15390278744, 5453.490370928093, -0.135, 0.9635, -0.1305, 192.0, 0.0, 0.0, 0.0, 0.0, 0.0, 0.0, 0.0, 0.0, 0.0, 1.741714943475637E9, 0.0, 2025-03-11 12:42:23.475
174.0, 8003.53384060071, 8941.43538968985, -22298.65906222571, -13368.935986630438, -17942.661695797648, 12957.663888652789, -39707.00230681924, 5456.284338985007, 7986.345349114579, 8940.161340255898, -22316.89808570124, -13380.447135024922, -17908.418823292115, 12941.816501833977, -39710.15390278744, 5453.490370928093, -0.135, 0.9635, -0.1305, 192.0, 0.0, 0.0, 0.0, 0.0, 0.0, 0.0, 0.0, 0.0, 0.0, 1.741714943515672E9, 0.0, 2025-03-11 12:42:23.515
174.0, 8025.527957144733, 8945.928090325368, -22306.75039371853, -13381.4082600365, -17971.22722521153, 12952.768856617076, -39709.55040568714, 5447.053068524965, 7986.345349114579, 8940.161340255898, -22316.89808570124, -13380.447135024922, -17908.418823292115, 12941.816501833977, -39710.15390278744, 5453.490370928093, -0.135, 0.9635, -0.1305, 192.0, 0.0, 0.0, 0.0, 0.0, 0.0, 0.0, 0.0, 0.0, 0.0, 1.741714943515979E9, 0.0, 2025-03-11 12:42:23.515
174.0, 7987.239418892792, 8939.513139666693, -22317.859210712817, -13392.248856097325, -17959.60431809477, 12941.592984389423, -39719.4745802253, 5440.638117866292, 7986.345349114579, 8940.161340255898, -22316.89808570124, -13380.447135024922, -17908.418823292115, 12941.816501833977, -39710.15390278744, 5453.490370928093, -0.135, 0.9635, -0.1305, 192.0, 0.0, 0.0, 0.0, 0.0, 0.0, 0.0, 0.0, 0.0, 0.0, 1.741714943516277E9, 0.0, 2025-03-11 12:42:23.516
202.0, 8012.228669193825, 8925.453892404306, -22310.773707720484, -13389.231370595859, -17968.65677459917, 12945.482187924646, -39717.35116450205, 5443.163864989742, 8016.274334940235, 8958.959157342812, -22294.613396479297, -13368.488951741332, -17951.17771043512, 12955.048734551518, -39715.18304528988, 5446.807199335957, -0.135, 0.9635, -0.1305, 192.0, 0.0, 0.0, 0.0, 0.0, 0.0, 0.0, 0.0, 0.0, 0.0, 1.741714943611813E9, 0.0, 2025-03-11 12:42:23.611
202.0, 7993.229686406814, 8909.785319541135, -22318.95444619113, -13398.50734454481, -17979.005632281976, 12947.560900158991, -39725.39779250596, 5434.245518952074, 8016.274334940235, 8958.959157342812, -22294.613396479297, -13368.488951741332, -17951.17771043512, 12955.048734551518, -39715.18304528988, 5446.807199335957, -0.135, 0.9635, -0.1305, 192.0, 0.0, 0.0, 0.0, 0.0, 0.0, 0.0, 0.0, 0.0, 0.0, 1.741714943643892E9, 0.0, 2025-03-11 12:42:23.643
202.0, 8025.930288544928, 8959.585006187559, -22293.339347045345, -13364.532692972743, -17958.598489594282, 12968.19156029124, -39682.929478040875, 5481.8323828974235, 8016.274334940235, 8958.959157342812, -22294.613396479297, -13368.488951741332, -17951.17771043512, 12955.048734551518, -39715.18304528988, 5446.807199335957, -0.135, 0.9635, -0.1305, 192.0, 0.0, 0.0, 0.0, 0.0, 0.0, 0.0, 0.0, 0.0, 0.0, 1.741714943644191E9, 0.0, 2025-03-11 12:42:23.644
202.0, 7971.704956496354, 8907.706607306793, -22320.22849562508, -13399.289655600745, -17971.003707766977, 12941.74944660061, -39722.223844793305, 5436.078361997409, 8016.274334940235, 8958.959157342812, -22294.613396479297, -13368.488951741332, -17951.17771043512, 12955.048734551518, -39715.18304528988, 5446.807199335957, -0.135, 0.9635, -0.1305, 192.0, 0.0, 0.0, 0.0, 0.0, 0.0, 0.0, 0.0, 0.0, 0.0, 1.741714943659909E9, 0.0, 2025-03-11 12:42:23.659
202.0, 8014.642657594998, 8936.562709398593, -22298.860227925805, -13392.248856097325, -17952.049428468876, 12971.410211492803, -39691.75841710072, 5466.990824579099, 8016.274334940235, 8958.959157342812, -22294.613396479297, -13368.488951741332, -17951.17771043512, 12955.048734551518, -39715.18304528988, 5446.807199335957, -0.135, 0.9635, -0.1305, 192.0, 0.0, 0.0, 0.0, 0.0, 0.0, 0.0, 0.0, 0.0, 0.0, 1.741714943681953E9, 0.0, 2025-03-11 12:42:23.681
202.0, 8032.389942692512, 8970.11267782601, -22281.805846906405, -13361.582262704644, -17933.519832315425, 12965.486999212146, -39679.174384972386, 5481.27358928604, 8016.274334940235, 8958.959157342812, -22294.613396479297, -13368.488951741332, -17951.17771043512, 12955.048734551518, -39715.18304528988, 5446.807199335957, -0.135, 0.9635, -0.1305, 192.0, 0.0, 0.0, 0.0, 0.0, 0.0, 0.0, 0.0, 0.0, 0.0, 1.741714943682298E9, 0.0, 2025-03-11 12:42:23.682
86.0, 8028.344276946102, 8974.985358117267, -22280.777666661463, -13375.97678613386, -17939.443044596082, 12960.971946832175, -39687.064550765106, 5477.473792728638, 8023.583355377121, 8962.066049822099, -22305.431640795665, -13368.287786041235, -17971.115466489253, 12960.033173565052, -39691.400789189436, 5466.767307134546, -0.135, 0.9635, -0.1305, 192.0, 0.0, 0.0, 0.0, 0.0, 0.0, 0.0, 0.0, 0.0, 0.0, 1.741714943805106E9, 0.0, 2025-03-11 12:42:23.805
136.0, 8016.9672390183505, 8942.642383890437, -22311.041928653947, -13381.587073992143, -17959.157283205663, 12950.824254849465, -39697.45811193682, 5465.090926300398, 7989.34048287159, 8898.85531650249, -22320.18379213617, -13390.4607165409, -17974.468228157548, 12948.879653081853, -39705.795312618655, 5448.595338892382, -0.135, 0.9635, -0.1305, 192.0, 0.0, 0.0, 0.0, 0.0, 0.0, 0.0, 0.0, 0.0, 0.0, 1.741714943877267E9, 0.0, 2025-03-11 12:42:23.877
80.0, 8015.357913417568, 8969.665642936903, -22304.157591361713, -13391.60065550812, -17951.580041835314, 12947.985583303642, -39707.739914386264, 5466.141458289798, 8025.863233311562, 8972.124334826987, -22301.609492493808, -13366.991384862828, -17959.380800650215, 12952.679449639256, -39699.492120682255, 5466.812010623456, -0.135, 0.9635, -0.1305, 192.0, 0.0, 0.0, 0.0, 0.0, 0.0, 0.0, 0.0, 0.0, 0.0, 1.741714943925343E9, 0.0, 2025-03-11 12:42:23.925
128.0, 8026.422026922945, 8963.25069227823, -22304.850495439827, -13366.387887762534, -17965.013440252955, 12965.196426534229, -39687.51158565421, 5470.65651066977, 7999.421119620934, 8907.058406717588, -22312.405385065722, -13382.302329814713, -17970.064934499853, 12955.786342118543, -39693.837129335065, 5461.626405909826, -0.135, 0.9635, -0.1305, 192.0, 0.0, 0.0, 0.0, 0.0, 0.0, 0.0, 0.0, 0.0, 0.0, 1.741714944296866E9, 0.0, 2025-03-11 12:42:24.296
250.0, 7999.890506254495, 8912.467528875772, -22301.989472149548, -13393.65701599801, -17964.521701874935, 12932.920507540764, -39694.57473690209, 5447.1424755027865, 8026.980820534328, 8960.143799798941, -22276.083800325847, -13365.449114495412, -17948.719018545034, 12962.737734644144, -39677.09567273804, 5485.587475965915, -0.14200000000000002, 0.96, -0.136, 192.0, 125.5, 72.0, 15.0, 0.0, 125.5, 96.0, 0.0, 0.0, 0.0, 1.741714944793662E9, 0.0, 2025-03-11 12:42:24.793
248.0, 8020.834090809119, 8940.518968167182, -22278.87776838276, -13369.181855819448, -17955.35748664826, 12957.574481674968, -39669.719597067786, 5470.075365313932, 8022.532823387722, 8951.270157250185, -22286.83498940885, -13375.26153031129, -17956.45272212657, 12961.039002065541, -39687.891565309954, 5483.307598031473, -0.14200000000000002, 0.96, -0.136, 192.0, 0.0, 0.0, 0.0, 0.0, 0.0, 0.0, 0.0, 0.0, 0.0, 1.741714945354532E9, 0.0, 2025-03-11 12:42:25.354
248.0, 8015.760244817763, 8931.622973873971, -22259.297640239914, -13374.993309377827, -17978.55859739287, 12952.455932194702, -39679.73317858377, 5461.246426254085, 8022.532823387722, 8951.270157250185, -22286.83498940885, -13375.26153031129, -17956.45272212657, 12961.039002065541, -39687.891565309954, 5483.307598031473, -0.14200000000000002, 0.96, -0.136, 192.0, 0.0, 0.0, 0.0, 0.0, 0.0, 0.0, 0.0, 0.0, 0.0, 1.741714945466715E9, 0.0, 2025-03-11 12:42:25.466
248.0, 8024.924460044439, 8956.142837541442, -22264.036210064438, -13347.277146253247, -17991.075574287843, 12960.413153220792, -39669.04904473413, 5473.808106637968, 8022.532823387722, 8951.270157250185, -22286.83498940885, -13375.26153031129, -17956.45272212657, 12961.039002065541, -39687.891565309954, 5483.307598031473, -0.14200000000000002, 0.96, -0.136, 192.0, 0.0, 0.0, 0.0, 0.0, 0.0, 0.0, 0.0, 0.0, 0.0, 1.741714945530872E9, 0.0, 2025-03-11 12:42:25.530
248.0, 8023.985686777317, 8953.550035184626, -22261.488111196533, -13348.372381731557, -17974.647042113193, 12957.08274329695, -39674.48051863677, 5473.450478726683, 8022.532823387722, 8951.270157250185, -22286.83498940885, -13375.26153031129, -17956.45272212657, 12961.039002065541, -39687.891565309954, 5483.307598031473, -0.14200000000000002, 0.96, -0.136, 192.0, 0.0, 0.0, 0.0, 0.0, 0.0, 0.0, 0.0, 0.0, 0.0, 1.741714945578939E9, 0.0, 2025-03-11 12:42:25.578
248.0, 7999.465823109845, 8923.777511570157, -22274.452122980612, -13369.450076752912, -18004.643083172214, 12949.66196413779, -39689.500890910735, 5464.040394310999, 8022.532823387722, 8951.270157250185, -22286.83498940885, -13375.26153031129, -17956.45272212657, 12961.039002065541, -39687.891565309954, 5483.307598031473, -0.14200000000000002, 0.96, -0.136, 192.0, 0.0, 0.0, 0.0, 0.0, 0.0, 0.0, 0.0, 0.0, 0.0, 1.741714945610957E9, 0.0, 2025-03-11 12:42:25.610
248.0, 8023.024561765738, 8936.29448846513, -22244.321971454858, -13352.127474800049, -17997.155248779687, 12949.550205415513, -39681.99070477375, 5453.870350583834, 8022.532823387722, 8951.270157250185, -22286.83498940885, -13375.26153031129, -17956.45272212657, 12961.039002065541, -39687.891565309954, 5483.307598031473, -0.14200000000000002, 0.96, -0.136, 192.0, 0.0, 0.0, 0.0, 0.0, 0.0, 0.0, 0.0, 0.0, 0.0, 1.74171494563599E9, 0.0, 2025-03-11 12:42:25.635
248.0, 8021.102311742582, 8954.309994496107, -22266.338439743333, -13361.135227815537, -17979.765591593456, 12953.03707755054, -39672.35710291351, 5469.091888557898, 8022.532823387722, 8951.270157250185, -22286.83498940885, -13375.26153031129, -17956.45272212657, 12961.039002065541, -39687.891565309954, 5483.307598031473, -0.14200000000000002, 0.96, -0.136, 192.0, 0.0, 0.0, 0.0, 0.0, 0.0, 0.0, 0.0, 0.0, 0.0, 1.741714945636321E9, 0.0, 2025-03-11 12:42:25.636
248.0, 8019.045951252694, 8936.361543698495, -22245.506613910988, -13351.54632944421, -18018.61292345678, 12951.13717927184, -39681.72248384029, 5459.279472742018, 8022.532823387722, 8951.270157250185, -22286.83498940885, -13375.26153031129, -17956.45272212657, 12961.039002065541, -39687.891565309954, 5483.307598031473, -0.14200000000000002, 0.96, -0.136, 192.0, 0.0, 0.0, 0.0, 0.0, 0.0, 0.0, 0.0, 0.0, 0.0, 1.741714946004607E9, 0.0, 2025-03-11 12:42:26.004
248.0, 7963.993604659272, 8914.568592854572, -22286.767934175485, -13377.004966378805, -17988.661585886668, 12948.745542615121, -39687.17630948738, 5469.047185068987, 8022.532823387722, 8951.270157250185, -22286.83498940885, -13375.26153031129, -17956.45272212657, 12961.039002065541, -39687.891565309954, 5483.307598031473, -0.14200000000000002, 0.96, -0.136, 192.0, 0.0, 0.0, 0.0, 0.0, 0.0, 0.0, 0.0, 0.0, 0.0, 1.741714946115764E9, 0.0, 2025-03-11 12:42:26.115
248.0, 8022.577526876632, 8936.763875098692, -22259.699971640108, -13373.987480877338, -17994.6965568896, 12940.497748911113, -39672.96060001381, 5469.337757746906, 8022.532823387722, 8951.270157250185, -22286.83498940885, -13375.26153031129, -17956.45272212657, 12961.039002065541, -39687.891565309954, 5483.307598031473, -0.14200000000000002, 0.96, -0.136, 192.0, 0.0, 0.0, 0.0, 0.0, 0.0, 0.0, 0.0, 0.0, 0.0, 1.741714946116104E9, 0.0, 2025-03-11 12:42:26.116
170.0, 8034.960393304872, 8961.06022132161, -22238.488166152023, -13350.719314899365, -17996.7976208684, 12965.531702701057, -39645.64676828942, 5495.198726081697, 8029.148939746492, 8946.419828703383, -22253.1509105147, -13366.901977885007, -18009.448708230106, 12949.192577504227, -39664.60104758752, 5476.356205505873, -0.14200000000000002, 0.96, -0.136, 192.0, 0.0, 0.0, 0.0, 0.0, 0.0, 0.0, 0.0, 0.0, 0.0, 1.741714947029237E9, 0.0, 2025-03-11 12:42:27.029
146.0, 8051.388925479523, 8956.098134052532, -22200.91488372265, -13346.047800308204, -17977.820989825846, 12955.920452585275, -39663.37170164248, 5481.005368352577, 8065.179951808447, 8972.012576104711, -22187.503837049466, -13331.16153850097, -17969.014402510453, 12970.873769625876, -39648.55249506861, 5494.975208637144, -0.14200000000000002, 0.96, -0.136, 192.0, 0.0, 0.0, 0.0, 0.0, 0.0, 0.0, 0.0, 0.0, 0.0, 1.741714947045279E9, 0.0, 2025-03-11 12:42:27.045
148.0, 8046.605652166088, 8946.57629091457, -22207.441593103602, -13353.133303300538, -18008.28641751843, 12946.040981536029, -39669.160803456405, 5470.343586247395, 8042.78350386423, 8945.838683347545, -22207.575703570332, -13353.625041678553, -18011.415661742172, 12948.052638537007, -39669.1160999675, 5472.668167670747, -0.14200000000000002, 0.96, -0.136, 192.0, 0.0, 0.0, 0.0, 0.0, 0.0, 0.0, 0.0, 0.0, 0.0, 1.741714947125418E9, 0.0, 2025-03-11 12:42:27.125
150.0, 8042.470579441855, 8953.192407273342, -22206.05578494737, -13351.635736422031, -17985.778210851935, 12944.901042568808, -39670.92659126838, 5467.169638534741, 8049.600785923099, 8953.326517740074, -22202.300691878878, -13347.478311953344, -17984.302995717884, 12951.539510672035, -39665.78569004365, 5473.182257793219, -0.14200000000000002, 0.9590000000000001, -0.14, 192.0, 125.5, 72.0, 14.5, 120.0, 125.5, 64.0, 0.0, 0.0, 0.0, 1.741714947172471E9, 0.0, 2025-03-11 12:42:27.172
152.0, 8037.30732647268, 8956.858093364011, -22190.208398128558, -13334.961335058373, -17990.60618765428, 12963.073010810973, -39648.820716002076, 5485.65453119928, 8043.342297475612, 8948.878520593467, -22201.227808145024, -13347.053628808693, -18003.12316454925, 12950.936013571742, -39662.589390586545, 5473.830458382423, -0.14200000000000002, 0.9590000000000001, -0.14, 192.0, 0.0, 0.0, 0.0, 0.0, 0.0, 0.0, 0.0, 0.0, 0.0, 1.741714947188496E9, 0.0, 2025-03-11 12:42:27.188
154.0, 8054.808742381185, 8950.48784619425, -22199.35026161078, -13341.622154906054, -17982.850132328287, 12947.985583303642, -39662.14235569744, 5473.472830471138, 8069.73970767733, 8968.436296991862, -22182.139418380193, -13324.567773886654, -17969.59554786629, 12965.531702701057, -39641.98108219875, 5491.488336502116, -0.14200000000000002, 0.9590000000000001, -0.14, 192.0, 0.0, 0.0, 0.0, 0.0, 0.0, 0.0, 0.0, 0.0, 0.0, 1.741714947211567E9, 0.0, 2025-03-11 12:42:27.211
156.0, 8051.858312113084, 8951.62778516147, -22203.06065119036, -13338.202338004392, -18011.9521036091, 12952.522987428069, -39660.42127137438, 5477.831420639923, 8047.745591133308, 8947.157436270409, -22204.357052368767, -13344.125550285049, -18008.129955307242, 12949.170225759772, -39663.349349898024, 5474.74687990509, -0.14200000000000002, 0.9590000000000001, -0.14, 192.0, 0.0, 0.0, 0.0, 0.0, 0.0, 0.0, 0.0, 0.0, 0.0, 1.741714947227589E9, 0.0, 2025-03-11 12:42:27.227
214.0, 8047.4326667109335, 8954.287642751651, -22207.620407059243, -13342.113893284071, -17993.377803966738, 12944.56576640198, -39668.35614065601, 5467.8625426128565, 8030.490044413811, 8927.24203196073, -22215.264703662957, -13347.053628808693, -18029.162946839686, 12966.671641668278, -39662.097652208526, 5476.870295628345, -0.14200000000000002, 0.9590000000000001, -0.14, 192.0, 0.0, 0.0, 0.0, 0.0, 0.0, 0.0, 0.0, 0.0, 0.0, 1.741714947286684E9, 0.0, 2025-03-11 12:42:27.286
160.0, 8064.017661096771, 8965.530570212672, -22197.20449414307, -13323.897221552996, -18011.28155127544, 12960.077877053962, -39662.32116965308, 5474.344548504895, 8054.115838303071, 8957.930977097867, -22206.659282047665, -13336.794178103708, -18009.89574311921, 12948.522025170569, -39669.49607962323, 5466.834362367912, -0.138, 0.9615, -0.14400000000000002, 192.0, 125.5, 104.0, 15.0, 16.0, 125.5, 48.0, 0.0, 0.0, 0.0, 1.741714947287195E9, 0.0, 2025-03-11 12:42:27.287
210.0, 8055.702812159398, 8957.528645697672, -22200.847828489284, -13325.461843664867, -17978.26802471495, 12964.145894544828, -39665.60687608801, 5472.019967081544, 8036.547367161199, 8936.853282076512, -22216.58345658582, -13348.506492198288, -18012.823821642854, 12963.318879999983, -39668.177326700374, 5470.65651066977, -0.138, 0.96, -0.136, 192.0, 125.5, 88.0, 15.0, 0.0, 125.5, 96.0, 0.0, 0.0, 0.0, 1.741714947287683E9, 0.0, 2025-03-11 12:42:27.287
206.0, 8045.577471921143, 8945.458703691806, -22200.53490406691, -13333.486119924322, -17989.287434731417, 12971.074935325973, -39654.38630037145, 5482.279417786529, 8038.871948584551, 8926.750293582714, -22211.30844489437, -13354.07207656766, -18016.534211222435, 12956.099266540918, -39656.55441958361, 5467.259045512563, -0.138, 0.96, -0.136, 192.0, 0.0, 0.0, 0.0, 0.0, 0.0, 0.0, 0.0, 0.0, 0.0, 1.741714947288167E9, 0.0, 2025-03-11 12:42:27.288
204.0, 8044.303422487191, 8951.381915972463, -22216.091718207805, -13332.949678057395, -18001.245618015007, 12975.098249327928, -39652.7099195373, 5483.821688153946, 8045.979803321338, 8934.640459375436, -22201.071345933837, -13341.532747928233, -17995.814144112366, 12970.560845203501, -39652.03936720364, 5478.412565995761, -0.138, 0.96, -0.136, 192.0, 0.0, 0.0, 0.0, 0.0, 0.0, 0.0, 0.0, 0.0, 0.0, 1.741714947324705E9, 0.0, 2025-03-11 12:42:27.324
202.0, 8033.753399104286, 8929.924241295366, -22212.67190130614, -13339.476387438344, -17994.22717025604, 12964.950557345219, -39654.09572769353, 5476.55737120597, 8043.677573642442, 8935.690991364836, -22206.5922268143, -13342.426817706444, -18017.987074612032, 12969.197388791728, -39665.67393132138, 5473.450478726683, -0.138, 0.96, -0.136, 192.0, 0.0, 0.0, 0.0, 0.0, 0.0, 0.0, 0.0, 0.0, 0.0, 1.74171494737279E9, 0.0, 2025-03-11 12:42:27.372
202.0, 8029.037181024216, 8923.174014469865, -22235.895363795207, -13350.048762565704, -18015.818955399867, 12955.763990374087, -39668.46789937829, 5462.766344877046, 8043.677573642442, 8935.690991364836, -22206.5922268143, -13342.426817706444, -18017.987074612032, 12969.197388791728, -39665.67393132138, 5473.450478726683, -0.138, 0.96, -0.136, 192.0, 0.0, 0.0, 0.0, 0.0, 0.0, 0.0, 0.0, 0.0, 0.0, 1.741714947420843E9, 0.0, 2025-03-11 12:42:27.420
220.0, 8050.181931278937, 8946.57629091457, -22193.427049330123, -13329.30634371118, -18015.438975744128, 12973.824199893976, -39649.737137524746, 5481.005368352577, 8033.216957237359, 8922.123482480465, -22201.138401167205, -13342.248003750803, -18017.27181878946, 12982.09434534244, -39645.44560258932, 5485.520420732549, -0.14400000000000002, 0.962, -0.132, 192.0, 125.5, 64.0, 15.0, 8.0, 125.5, 112.0, 0.0, 0.0, 0.0, 1.741714947661245E9, 0.0, 2025-03-11 12:42:27.661
30.0, 8023.739817588308, 8916.66965683337, -22223.691311322607, -13351.456922466388, -18030.392292784727, 12955.473417696168, -39669.585486601056, 5458.139533774797, 8046.091562043615, 8976.505276740227, -22215.10824145177, -13341.800968861697, -18028.894725906222, 12965.978737590163, -39649.22304740227, 5497.500955760594, -0.14400000000000002, 0.962, -0.132, 192.0, 0.0, 0.0, 0.0, 0.0, 0.0, 0.0, 0.0, 0.0, 0.0, 1.74171494769029E9, 0.0, 2025-03-11 12:42:27.690
74.0, 8032.032314781227, 8928.650191861414, -22227.222886946547, -13346.718352641863, -18040.13765336724, 12966.783400390554, -39668.400844144926, 5464.554484433471, 8053.601748180598, 8974.426564505884, -22196.221017387037, -13323.025503519239, -17984.302995717884, 12974.382993505358, -39645.89263747843, 5499.512612761571, -0.138, 0.962, -0.132, 192.0, 125.5, 88.0, 15.0, 8.0, 125.5, 112.0, 0.0, 0.0, 0.0, 1.741714947765432E9, 0.0, 2025-03-11 12:42:27.765
24.0, 8036.525015416743, 8926.705590093803, -22200.445497089087, -13337.107102526083, -18025.47490900456, 12982.206104064717, -39655.101556194015, 5483.464060242661, 8053.914672602973, 8988.217590834807, -22204.357052368767, -13334.961335058373, -17983.900664317687, 12968.392725991336, -39645.93734096734, 5500.965476151166, -0.134, 0.972, -0.134, 192.0, 125.5, 104.0, 15.0, 48.0, 125.5, 104.0, 0.0, 0.0, 0.0, 1.741714947874587E9, 0.0, 2025-03-11 12:42:27.874
68.0, 8021.705808842875, 8913.227488187253, -22215.4435176186, -13353.870910867563, -18024.312618292883, 12964.950557345219, -39667.0150359887, 5466.655548412269, 8067.057498342693, 8987.144707100953, -22192.041241173894, -13319.15865172847, -17999.502181947493, 12964.6599846673, -39650.139468924935, 5486.749766677591, -0.134, 0.972, -0.134, 192.0, 0.0, 0.0, 0.0, 0.0, 0.0, 0.0, 0.0, 0.0, 0.0, 1.741714947875141E9, 0.0, 2025-03-11 12:42:27.875
102.0, 8056.552178448699, 8978.829858163579, -22213.565971084354, -13351.993364333317, -18016.534211222435, 12957.418019463781, -39652.88873349294, 5483.262894542563, 8061.469562228866, 8980.886218653468, -22188.44261031659, -13316.58820111611, -17993.869542344757, 12976.975795862174, -39631.22989311575, 5507.4251302987495, -0.138, 0.97, -0.132, 192.0, 0.0, 0.0, 0.0, 0.0, 0.0, 0.0, 0.0, 0.0, 0.0, 1.741714947920658E9, 0.0, 2025-03-11 12:42:27.920
84.0, 8066.029318097749, 8983.34491054355, -22190.588377784297, -13321.997323274294, -17971.9424810341, 12961.731906143656, -39640.215294386784, 5492.292999302506, 8053.646451669509, 8961.194331788342, -22204.982901213516, -13337.107102526083, -18024.580839226346, 12951.651269394311, -39661.20358243032, 5475.46213572766, -0.138, 0.964, -0.134, 192.0, 125.5, 88.0, 15.0, 16.0, 125.5, 104.0, 0.0, 0.0, 0.0, 1.741714948147039E9, 0.0, 2025-03-11 12:42:28.147
84.0, 8047.92440508895, 8953.77355262918, -22211.353148383278, -13339.185814760425, -18011.974455353553, 12956.523949685568, -39659.013111473694, 5478.859600884867, 8053.646451669509, 8961.194331788342, -22204.982901213516, -13337.107102526083, -18024.580839226346, 12951.651269394311, -39661.20358243032, 5475.46213572766, -0.138, 0.964, -0.134, 192.0, 62.75, 44.0, 7.5, 8.0, 62.75, 52.0, 0.0, 0.0, 0.0, 1.74171494816307E9, 0.0, 2025-03-11 12:42:28.163
84.0, 8052.238291768825, 8936.249784976219, -22177.222034600025, -13340.459864194378, -18025.586667726835, 12964.928205600763, -39657.47084110628, 5480.223057296641, 8053.646451669509, 8961.194331788342, -22204.982901213516, -13337.107102526083, -18024.580839226346, 12951.651269394311, -39661.20358243032, 5475.46213572766, -0.138, 0.964, -0.134, 192.0, 31.375, 22.0, 3.75, 4.0, 31.375, 26.0, 0.0, 0.0, 0.0, 1.741714948179086E9, 0.0, 2025-03-11 12:42:28.179
202.0, 8056.753344148797, 8940.67543037837, -22173.355182809257, -13341.599803161598, -18003.52549594945, 12967.029269579563, -39654.36394862699, 5487.912057389267, 8053.73585864733, 8938.082628021553, -22173.95867990955, -13339.990477560816, -18016.66832168917, 12961.888368354843, -39657.73906203974, 5484.0675573429535, -0.138, 0.964, -0.134, 192.0, 0.0, 0.0, 0.0, 0.0, 0.0, 0.0, 0.0, 0.0, 0.0, 1.741714948739994E9, 0.0, 2025-03-11 12:42:28.739
204.0, 8059.435553483433, 9027.26608839823, -22173.556348509355, -13298.975026485328, -17986.426411441138, 12960.726077643167, -39657.29202715064, 5487.8226504114455, 8041.755323619285, 8926.996162771722, -22186.743877737987, -13356.284899268736, -18025.005522370997, 12957.865054352887, -39663.61757083149, 5474.232789782619, -0.138, 0.97, -0.136, 192.0, 125.5, 88.0, 15.0, 40.0, 125.5, 96.0, 0.0, 0.0, 0.0, 1.741714949493128E9, 0.0, 2025-03-11 12:42:29.493
204.0, 8014.396788405989, 8937.859110577001, -22206.324005880833, -13310.73204406882, -18002.832591871334, 12962.357754988403, -39665.1598411989, 5483.911095131766, 8041.755323619285, 8926.996162771722, -22186.743877737987, -13356.284899268736, -18025.005522370997, 12957.865054352887, -39663.61757083149, 5474.232789782619, -0.132, 0.968, -0.134, 192.0, 188.75, 52.0, 22.5, 44.0, 188.25, 160.0, 0.0, 0.0, 0.0, 1.741714949637502E9, 0.0, 2025-03-11 12:42:29.637
170.0, 8025.572660633643, 8953.05829680661, -22209.38619487121, -13344.125550285049, -18020.445766502115, 12947.717362370178, -39650.72061428078, 5493.075310358442, 8001.768052788741, 8927.778473827657, -22202.703023279075, -13379.061326868694, -18036.896650421222, 12952.075952538962, -39652.97814047076, 5488.873182400845, -0.131, 0.967, -0.123, 192.0, 125.5, 120.0, 15.0, 24.0, 126.0, 64.0, 0.0, 0.0, 0.0, 1.741714949989939E9, 0.0, 2025-03-11 12:42:29.989
86.0, 7991.173325916926, 8879.56576103756, -22205.407584358167, -13363.079829583148, -18002.586722682325, 12946.17509200276, -39665.65157957692, 5469.382461235817, 8000.046968465683, 8896.418976356861, -22201.607787800764, -13355.882567868539, -18014.075519332353, 12952.590042661435, -39662.38822488645, 5472.399946737283, -0.131, 0.967, -0.123, 192.0, 0.0, 0.0, 0.0, 0.0, 0.0, 0.0, 0.0, 0.0, 0.0, 1.741714950406604E9, 0.0, 2025-03-11 12:42:30.406
86.0, 7966.228779104803, 8817.114987029432, -22221.769061299452, -13395.087527643149, -18049.81595871639, 12926.37144641536, -39685.99166703125, 5456.440801196194, 8000.046968465683, 8896.418976356861, -22201.607787800764, -13355.882567868539, -18014.075519332353, 12952.590042661435, -39662.38822488645, 5472.399946737283, -0.131, 0.967, -0.123, 192.0, 0.0, 0.0, 0.0, 0.0, 0.0, 0.0, 0.0, 0.0, 0.0, 1.741714950422627E9, 0.0, 2025-03-11 12:42:30.422
86.0, 7979.215142633337, 8856.118781103944, -22215.82349727434, -13373.607501221599, -18029.207650328597, 12943.381123945848, -39668.110271467005, 5468.533094946515, 8000.046968465683, 8896.418976356861, -22201.607787800764, -13355.882567868539, -18014.075519332353, 12952.590042661435, -39662.38822488645, 5472.399946737283, -0.131, 0.967, -0.123, 192.0, 0.0, 0.0, 0.0, 0.0, 0.0, 0.0, 0.0, 0.0, 0.0, 1.741714950582898E9, 0.0, 2025-03-11 12:42:30.582
250.0, 8039.87777708504, 8925.208023215297, -22191.86242721825, -13357.201320791402, -18032.918039908178, 12933.479301152147, -39653.87221024898, 5490.504859746082, 8030.199471735892, 8905.113804949977, -22192.53297955191, -13342.292707239712, -18001.04445231491, 12934.663943608279, -39668.33378891156, 5478.278455529029, -0.14400000000000002, 0.964, -0.128, 192.0, 125.5, 64.0, 15.0, 16.0, 126.0, 0.0, 0.0, 0.0, 0.0, 1.741714950663049E9, 0.0, 2025-03-11 12:42:30.663
246.0, 8037.530843917232, 8920.402398157406, -22193.270587118936, -13363.415105749978, -18007.817030884868, 12928.003123760596, -39663.483460364754, 5485.587475965915, 8032.5240531592435, 8906.276095661653, -22189.91782545064, -13349.78054163224, -18014.746071666013, 12922.012856246574, -39670.36779765699, 5476.266798528051, -0.14400000000000002, 0.964, -0.128, 192.0, 0.0, 0.0, 0.0, 0.0, 0.0, 0.0, 0.0, 0.0, 0.0, 1.741714951912928E9, 0.0, 2025-03-11 12:42:31.912
244.0, 8033.753399104286, 8875.833019713524, -22197.271549376437, -13377.899036157018, -18029.453519517603, 12919.442405634214, -39659.728367296266, 5469.896551358289, 8049.600785923099, 8924.403360414906, -22177.087924133295, -13331.96620130136, -18022.949161881108, 12944.744580357621, -39647.837239246044, 5494.192897581208, -0.14200000000000002, 0.965, -0.124, 192.0, 125.5, 80.0, 15.0, 24.0, 126.0, 32.0, 0.0, 0.0, 0.0, 1.741714951977034E9, 0.0, 2025-03-11 12:42:31.977
244.0, 8036.122684016548, 8951.62778516147, -22173.533996764898, -13355.659050423987, -18031.84515617432, 12951.070124038473, -39644.57388455557, 5517.885746703833, 8049.600785923099, 8924.403360414906, -22177.087924133295, -13331.96620130136, -18022.949161881108, 12944.744580357621, -39647.837239246044, 5494.192897581208, -0.14200000000000002, 0.965, -0.124, 192.0, 62.75, 40.0, 7.5, 12.0, 63.0, 16.0, 0.0, 0.0, 0.0, 1.741714952041119E9, 0.0, 2025-03-11 12:42:32.041
244.0, 7959.635014490487, 8804.64271362337, -22196.422183087136, -13392.874704942073, -18041.52346152347, 12920.69410332371, -39666.366835399494, 5461.984033821111, 8049.600785923099, 8924.403360414906, -22177.087924133295, -13331.96620130136, -18022.949161881108, 12944.744580357621, -39647.837239246044, 5494.192897581208, -0.14200000000000002, 0.965, -0.124, 192.0, 31.375, 20.0, 3.75, 6.0, 31.5, 8.0, 0.0, 0.0, 0.0, 1.741714952089296E9, 0.0, 2025-03-11 12:42:32.089
244.0, 8035.586242149621, 8916.468491133272, -22172.05878163085, -13389.074908384671, -18013.13674606523, 12924.560955114479, -39649.62537880247, 5492.829441169434, 8049.600785923099, 8924.403360414906, -22177.087924133295, -13331.96620130136, -18022.949161881108, 12944.744580357621, -39647.837239246044, 5494.192897581208, -0.14200000000000002, 0.9655, -0.124, 192.0, 141.1875, 82.0, 16.875, 27.0, 141.75, 20.0, 0.0, 0.0, 0.0, 1.741714952169323E9, 0.0, 2025-03-11 12:42:32.169
244.0, 8035.407428193978, 8931.66767736288, -22184.95573818156, -13366.633756951542, -18021.093967091318, 12934.37337093036, -39656.73323353926, 5503.312409318974, 8049.600785923099, 8924.403360414906, -22177.087924133295, -13331.96620130136, -18022.949161881108, 12944.744580357621, -39647.837239246044, 5494.192897581208, -0.14200000000000002, 0.9655, -0.124, 192.0, 70.59375, 41.0, 8.4375, 13.5, 70.875, 10.0, 0.0, 0.0, 0.0, 1.74171495229759E9, 0.0, 2025-03-11 12:42:32.297
244.0, 8028.478387412833, 8916.826119044557, -22173.37753455371, -13387.55498976171, -18026.77131018297, 12936.60854537589, -39648.99952995772, 5497.724473205147, 8049.600785923099, 8924.403360414906, -22177.087924133295, -13331.96620130136, -18022.949161881108, 12944.744580357621, -39647.837239246044, 5494.192897581208, -0.14200000000000002, 0.9655, -0.124, 192.0, 35.296875, 20.5, 4.21875, 6.75, 35.4375, 5.0, 0.0, 0.0, 0.0, 1.741714952922484E9, 0.0, 2025-03-11 12:42:32.922
244.0, 8058.005041838293, 8956.43341021936, -22151.71869417652, -13320.343294184602, -18015.48367923304, 12965.531702701057, -39649.5583235691, 5504.474700030649, 8049.600785923099, 8924.403360414906, -22177.087924133295, -13331.96620130136, -18022.949161881108, 12944.744580357621, -39647.837239246044, 5494.192897581208, -0.14200000000000002, 0.9655, -0.124, 192.0, 17.6484375, 10.25, 2.109375, 3.375, 17.71875, 2.5, 0.0, 0.0, 0.0, 1.741714952938518E9, 0.0, 2025-03-11 12:42:32.938
