%OpenBCI Raw EXG Data
%Number of channels = 16
%Sample Rate = 125 Hz
%Board = OpenBCI_GUI$BoardCytonSerialDaisy
Sample Index, EXG Channel 0, EXG Channel 1, EXG Channel 2, EXG Channel 3, EXG Channel 4, EXG Channel 5, EXG Channel 6, EXG Channel 7, EXG Channel 8, EXG Channel 9, EXG Channel 10, EXG Channel 11, EXG Channel 12, EXG Channel 13, EXG Channel 14, EXG Channel 15, Accel Channel 0, Accel Channel 1, Accel Channel 2, Not Used, Digital Channel 0 (D11), Digital Channel 1 (D12), Digital Channel 2 (D13), Digital Channel 3 (D17), Not Used, Digital Channel 4 (D18), Analog Channel 0, Analog Channel 1, Analog Channel 2, Timestamp, Marker Channel, Timestamp (Formatted)
0.0, 7698.052549130029, 8633.048371439978, -23202.809477187333, -13434.314839162213, -14340.141634957987, 13133.259193093681, -40001.710057462464, 5384.512887539016, 0.0, 0.0, 0.0, 0.0, 0.0, 0.0, 0.0, 0.0, 0.0, 0.0, 0.0, 192.0, 0.0, 0.0, 0.0, 0.0, 0.0, 0.0, 0.0, 0.0, 0.0, 1.741714920530475E9, 0.0, 2025-03-11 12:42:00.530
186.0, 7694.766842695099, 8629.1368161603, -23205.983424899987, -13437.80171129724, -14354.26793745374, 13128.4982715247, -40000.324249306235, 5381.361291570818, 7704.892182933353, 8636.356429619364, -23198.383831785184, -13429.956248993427, -14339.336972157595, 13137.863652451475, -39994.378685281124, 5389.050291663443, 0.0, 0.0, 0.0, 192.0, 0.0, 0.0, 0.0, 0.0, 0.0, 0.0, 0.0, 0.0, 0.0, 1.741714920530791E9, 0.0, 2025-03-11 12:42:00.530
188.0, 7689.7153484482, 8629.628554538316, -23210.006738901942, -13441.46739738791, -14358.17949273342, 13131.180480859337, -40005.82277844224, 5382.322416582396, 7698.656046230322, 8634.523586574029, -23204.68702372158, -13435.722999062897, -14350.244623451785, 13136.477844295247, -39997.01619112685, 5389.139698641265, 0.0, 0.0, 0.0, 192.0, 0.0, 0.0, 0.0, 0.0, 0.0, 0.0, 0.0, 0.0, 0.0, 1.74171492053107E9, 0.0, 2025-03-11 12:42:00.531
190.0, 7693.090461860951, 8628.175691148721, -23215.7287854825, -13446.720057334907, -14363.834484080611, 13126.687780223821, -40010.53899652231, 5378.030881646977, 7688.933037392264, 8620.553746289463, -23215.818192460323, -13448.843473058161, -14366.673155626435, 13124.251440078193, -40013.958813423975, 5376.890942679756, 0.0, 0.0, 0.0, 192.0, 0.0, 0.0, 0.0, 0.0, 0.0, 0.0, 0.0, 0.0, 0.0, 1.741714920531332E9, 0.0, 2025-03-11 12:42:00.531
192.0, 7685.110889090406, 8630.14264466079, -23217.136945383187, -13448.016458513315, -14358.313603200151, 13117.59062023051, -40015.568139024756, 5368.307872808919, 7688.016615869596, 8630.99201095009, -23217.36046282774, -13449.648135858553, -14361.55460614617, 13122.284486566126, -40015.903415191584, 5371.794744943946, -0.067, 0.48, -0.07200000000000001, 192.0, 125.5, 104.0, 15.0, 0.0, 125.5, 64.0, 0.0, 0.0, 0.0, 1.741714920531597E9, 0.0, 2025-03-11 12:42:00.531
194.0, 7684.708557690211, 8619.525566044518, -23214.70060523756, -13445.714228834418, -14370.294138228195, 13127.917126168863, -40013.042391901305, 5374.096974622843, 7681.668720444289, 8621.358409089853, -23217.40516631665, -13447.636478857576, -14363.789780591702, 13121.770396443653, -40015.85871170268, 5371.370061799295, -0.067, 0.48, -0.07200000000000001, 192.0, 0.0, 0.0, 0.0, 0.0, 0.0, 0.0, 0.0, 0.0, 0.0, 1.741714920531889E9, 0.0, 2025-03-11 12:42:00.531
196.0, 7703.819299199498, 8629.628554538316, -23209.805573201844, -13438.449911886444, -14348.680001339913, 13134.533242527634, -40004.77224645284, 5381.2271811040855, 7652.5667491634795, 8632.556633061962, -23208.419765045615, -13438.22639444189, -14362.091048013097, 13134.957925672285, -40005.2416330864, 5379.528448525482, -0.067, 0.48, -0.07200000000000001, 192.0, 0.0, 0.0, 0.0, 0.0, 0.0, 0.0, 0.0, 0.0, 0.0, 1.741714920532144E9, 0.0, 2025-03-11 12:42:00.532
198.0, 7679.701766932222, 8614.429368308707, -23222.233143118996, -13448.865824802617, -14372.641071396003, 13125.994876145707, -40011.12014187815, 5371.884151921768, 7697.337293307459, 8616.396321820775, -23222.099032652266, -13450.98924052587, -14361.621661379537, 13123.69264646681, -40016.68572624752, 5371.258303077019, -0.067, 0.48, -0.07200000000000001, 192.0, 0.0, 0.0, 0.0, 0.0, 0.0, 0.0, 0.0, 0.0, 0.0, 1.741714920532398E9, 0.0, 2025-03-11 12:42:00.532
200.0, 7688.307188547515, 8603.879344925803, -23217.315759338828, -13449.178749224991, -14364.974423047832, 13132.186309359826, -40014.24938610189, 5382.769451471502, 7674.896141874331, 8622.14072014579, -23211.414898802628, -13439.969830509404, -14358.671231111435, 13136.768416973164, -40000.12308360614, 5388.06681490741, -0.067, 0.48, -0.07200000000000001, 192.0, 0.0, 0.0, 0.0, 0.0, 0.0, 0.0, 0.0, 0.0, 0.0, 1.741714920532668E9, 0.0, 2025-03-11 12:42:00.532
