%OpenBCI Raw EXG Data
%Number of channels = 16
%Sample Rate = 125 Hz
%Board = OpenBCI_GUI$BoardCytonSerialDaisy
Sample Index, EXG Channel 0, EXG Channel 1, EXG Channel 2, EXG Channel 3, EXG Channel 4, EXG Channel 5, EXG Channel 6, EXG Channel 7, EXG Channel 8, EXG Channel 9, EXG Channel 10, EXG Channel 11, EXG Channel 12, EXG Channel 13, EXG Channel 14, EXG Channel 15, Accel Channel 0, Accel Channel 1, Accel Channel 2, Not Used, Digital Channel 0 (D11), Digital Channel 1 (D12), Digital Channel 2 (D13), Digital Channel 3 (D17), Not Used, Digital Channel 4 (D18), Analog Channel 0, Analog Channel 1, Analog Channel 2, Timestamp, Marker Channel, Timestamp (Formatted)
52.0, -51604.0312175788, -31463.589544724175, 101877.9995296001, -62726.16985156177, -65519.243838696944, -64258.76191362881, -75431.14726914732, -65768.73401030707, -12937.100283753907, -49662.24576976845, -66714.68218740013, -58722.033646349155, -63024.90091620695, -66015.94430398277, -47938.233368186164, -56650.78689465367, 0.0, 0.0, 0.0, 192.0, 0.0, 0.0, 0.0, 0.0, 0.0, 0.0, 0.0, 0.0, 0.0, 1.740775209641563E9, 0.0, 2025-02-28 14:40:09.641
50.0, -51607.428682736005, -31457.576925465695, 101906.8556316919, -62700.68886288272, -65551.9220890906, -64248.167186757, -75452.18026067976, -65781.56391162443, -12911.418129374759, -49663.475115713496, -66723.10879505979, -58729.923812141875, -63035.89797447896, -66023.18626918629, -47945.855313045424, -56661.13575233648, 0.026000000000000002, 0.492, 0.025, 192.0, 0.5, 80.0, 15.0, 96.0, 0.5, 72.0, 0.0, 0.0, 0.0, 1.740775209641636E9, 0.0, 2025-02-28 14:40:09.641
50.0, -51607.428682736005, -31471.90439366155, 101902.02765488955, -62734.976438877165, -65525.63643761116, -64270.69774516794, -75438.12101341737, -65783.41910641422, -12911.418129374759, -49663.475115713496, -66723.10879505979, -58729.923812141875, -63035.89797447896, -66023.18626918629, -47945.855313045424, -56661.13575233648, 0.026000000000000002, 0.492, 0.025, 192.0, 0.25, 40.0, 7.5, 48.0, 0.25, 36.0, 0.0, 0.0, 0.0, 1.740775209641673E9, 0.0, 2025-02-28 14:40:09.641
48.0, -51615.92234562902, -31478.05112338676, 101920.55725104299, -62738.865642412384, -65531.29142895835, -64275.413963248015, -75445.56414432099, -65787.88945530528, -12946.37625770286, -49659.83178136728, -66716.33621648983, -58719.75376841471, -63025.169137140416, -66011.54101032508, -47940.759115309615, -56647.88116787448, 0.026000000000000002, 0.492, 0.025, 192.0, 0.0, 0.0, 0.0, 0.0, 0.0, 0.0, 0.0, 0.0, 0.0, 1.74077520964171E9, 0.0, 2025-02-28 14:40:09.641
48.0, -51615.40825550655, -31480.308649576742, 101877.57484645545, -62705.74035712962, -65570.40698175514, -64253.889233337555, -75485.4173046848, -65801.74753686757, -12946.37625770286, -49659.83178136728, -66716.33621648983, -58719.75376841471, -63025.169137140416, -66011.54101032508, -47940.759115309615, -56647.88116787448, 0.04, 0.738, 0.035500000000000004, 192.0, 0.5, 88.0, 15.0, 96.0, 0.5, 56.0, 0.0, 0.0, 0.0, 1.740775209641743E9, 0.0, 2025-02-28 14:40:09.641
48.0, -51617.97870611891, -31481.33682982169, 101905.42512004676, -62733.18829932074, -65542.33319071928, -64273.06703008021, -75454.6613043143, -65795.1314205088, -12946.37625770286, -49659.83178136728, -66716.33621648983, -58719.75376841471, -63025.169137140416, -66011.54101032508, -47940.759115309615, -56647.88116787448, 0.04, 0.738, 0.035500000000000004, 192.0, 0.25, 44.0, 7.5, 48.0, 0.25, 28.0, 0.0, 0.0, 0.0, 1.740775209641783E9, 0.0, 2025-02-28 14:40:09.641
104.0, -51608.92624961451, -31472.440835528476, 101903.68168397924, -62729.81318590799, -65524.51885038839, -64271.86003587962, -75437.13753666134, -65780.04399300147, -12875.901207435276, -49646.80071434983, -66703.37220470574, -58705.85098336351, -63021.41404407192, -65978.95216690924, -47934.67944081777, -56635.18537702387, 0.04, 0.738, 0.035500000000000004, 192.0, 0.0, 0.0, 0.0, 0.0, 0.0, 0.0, 0.0, 0.0, 0.0, 1.740775209641819E9, 0.0, 2025-02-28 14:40:09.641
104.0, -51607.585144947196, -31472.172614595012, 101903.0558351345, -62718.99494159162, -65524.74236783295, -64257.48786419486, -75433.94123720423, -65770.99153649707, -12875.901207435276, -49646.80071434983, -66703.37220470574, -58705.85098336351, -63021.41404407192, -65978.95216690924, -47934.67944081777, -56635.18537702387, 0.04, 0.738, 0.035500000000000004, 192.0, 0.0, 0.0, 0.0, 0.0, 0.0, 0.0, 0.0, 0.0, 0.0, 1.740775209641853E9, 0.0, 2025-02-28 14:40:09.641
104.0, -51600.94667684397, -31454.917067875514, 101913.76232072858, -62718.525554958054, -65533.66071387062, -64255.38680021606, -75437.47281282817, -65776.66887958872, -12875.901207435276, -49646.80071434983, -66703.37220470574, -58705.85098336351, -63021.41404407192, -65978.95216690924, -47934.67944081777, -56635.18537702387, 0.04, 0.738, 0.035500000000000004, 192.0, 0.0, 0.0, 0.0, 0.0, 0.0, 0.0, 0.0, 0.0, 0.0, 1.740775209641894E9, 0.0, 2025-02-28 14:40:09.641
104.0, -51599.739682643376, -31458.649809199553, 101923.61944003338, -62718.59261019142, -65514.81819329479, -64258.985431073364, -75431.68371101424, -65768.35403065135, -12875.901207435276, -49646.80071434983, -66703.37220470574, -58705.85098336351, -63021.41404407192, -65978.95216690924, -47934.67944081777, -56635.18537702387, 0.048, 0.855, 0.043750000000000004, 192.0, 0.5, 96.0, 15.0, 48.0, 0.5, 80.0, 0.0, 0.0, 0.0, 1.740775209641927E9, 0.0, 2025-02-28 14:40:09.641
136.0, -51624.52776724431, -31487.99764966937, 101894.38335828584, -62723.13001431585, -65547.54114717736, -64264.796884631745, -75445.96647572119, -65781.09452499087, -12873.084887633908, -49625.00776350591, -66687.34600393129, -58681.219360973766, -63001.453936273334, -65954.9687451087, -47908.729065505155, -56602.596533608026, 0.048, 0.855, 0.043750000000000004, 192.0, 0.0, 0.0, 0.0, 0.0, 0.0, 0.0, 0.0, 0.0, 0.0, 1.74077520964198E9, 0.0, 2025-02-28 14:40:09.641
136.0, -51613.97774386141, -31480.576870510205, 101889.68949195022, -62725.14167131683, -65536.27586797188, -64265.28862300976, -75438.72451051767, -65777.07121098891, -12873.084887633908, -49625.00776350591, -66687.34600393129, -58681.219360973766, -63001.453936273334, -65954.9687451087, -47908.729065505155, -56602.596533608026, 0.048, 0.855, 0.043750000000000004, 192.0, 0.0, 0.0, 0.0, 0.0, 0.0, 0.0, 0.0, 0.0, 0.0, 1.740775209642024E9, 0.0, 2025-02-28 14:40:09.642
136.0, -51774.28445509487, -31721.953358883067, 101890.00241637259, -62756.72468623218, -65590.54590350937, -64278.25263479384, -75474.95668827972, -65802.6863101347, -12873.084887633908, -49625.00776350591, -66687.34600393129, -58681.219360973766, -63001.453936273334, -65954.9687451087, -47908.729065505155, -56602.596533608026, 0.048, 0.855, 0.043750000000000004, 192.0, 0.0, 0.0, 0.0, 0.0, 0.0, 0.0, 0.0, 0.0, 0.0, 1.740775209642068E9, 0.0, 2025-02-28 14:40:09.642
188.0, -51753.69849845154, -31684.02244854241, 101874.87028537635, -62727.37684576236, -65566.40601949763, -64253.08457053716, -75453.67782755826, -65777.63000460029, -12911.172260185751, -49679.769537421416, -66738.77736792296, -58738.26101282371, -63033.126358166504, -66012.32332138102, -47920.44137959974, -56636.48177820227, 0.048, 0.855, 0.043750000000000004, 192.0, 0.0, 0.0, 0.0, 0.0, 0.0, 0.0, 0.0, 0.0, 0.0, 1.740775209642102E9, 0.0, 2025-02-28 14:40:09.642
162.0, -51755.06195486331, -31686.302326476853, 101898.78665194353, -62735.7587499331, -65573.6256329567, -64263.81340787571, -75461.27742067307, -65788.53765589448, -12884.283111606015, -49668.72777566049, -66722.9970363375, -58720.02198934818, -63036.50147157926, -65998.1299636519, -47933.897129761834, -56637.822882869594, 0.048, 0.855, 0.043750000000000004, 192.0, 0.0, 0.0, 0.0, 0.0, 0.0, 0.0, 0.0, 0.0, 0.0, 1.740775209642137E9, 0.0, 2025-02-28 14:40:09.642
162.0, -51630.361572547146, -31492.825626471717, 101887.07433784894, -62713.74228164462, -65550.29041174536, -64256.05735254972, -75461.72445556217, -65784.58139712589, -12884.283111606015, -49668.72777566049, -66722.9970363375, -58720.02198934818, -63036.50147157926, -65998.1299636519, -47933.897129761834, -56637.822882869594, 0.048, 0.855, 0.043750000000000004, 192.0, 0.0, 0.0, 0.0, 0.0, 0.0, 0.0, 0.0, 0.0, 0.0, 1.740775209642171E9, 0.0, 2025-02-28 14:40:09.642
162.0, -51710.85020433071, -31616.40842156511, 101924.91584121178, -62721.8559648819, -65554.93957459206, -64257.84549210614, -75452.29201940204, -65779.32873717889, -12884.283111606015, -49668.72777566049, -66722.9970363375, -58720.02198934818, -63036.50147157926, -65998.1299636519, -47933.897129761834, -56637.822882869594, 0.048, 0.855, 0.043750000000000004, 192.0, 0.0, 0.0, 0.0, 0.0, 0.0, 0.0, 0.0, 0.0, 0.0, 1.740775209642205E9, 0.0, 2025-02-28 14:40:09.642
162.0, -51745.5624634698, -31674.590012382272, 101917.807986475, -62733.79179642103, -65568.10475207624, -64265.690954409954, -75462.12678696237, -65789.29761520596, -12884.283111606015, -49668.72777566049, -66722.9970363375, -58720.02198934818, -63036.50147157926, -65998.1299636519, -47933.897129761834, -56637.822882869594, 0.052000000000000005, 0.9175, 0.049875, 192.0, 0.5, 96.0, 15.0, 80.0, 0.5, 96.0, 0.0, 0.0, 0.0, 1.740775209642238E9, 0.0, 2025-02-28 14:40:09.642
224.0, -51748.84816990473, -31677.965125795025, 101903.23464909014, -62743.067770369984, -65578.8782929037, -64277.13504757107, -75475.44842665773, -65804.45209794666, -13037.325505891504, -49693.247639327965, -66764.72774323556, -58758.64580376694, -63024.40917782894, -66005.41663234432, -47917.31213537599, -56633.93367933437, 0.052000000000000005, 0.9175, 0.049875, 192.0, 0.0, 0.0, 0.0, 0.0, 0.0, 0.0, 0.0, 0.0, 0.0, 1.740775209642275E9, 0.0, 2025-02-28 14:40:09.642
234.0, -51758.12414385368, -31704.966033097036, 101913.67291375076, -62761.82088396799, -65587.2825488189, -64278.96789061641, -75477.88476680336, -65805.18970551368, -12988.419889023291, -49710.01144766944, -66782.31856612189, -58779.63409181048, -63047.99026822928, -66037.06670249304, -47940.267376931595, -56663.21446457082, 0.058, 0.95075, 0.0539375, 192.0, 1.0, 0.0, 15.0, 96.0, 0.5, 104.0, 0.0, 0.0, 0.0, 1.740775209642313E9, 0.0, 2025-02-28 14:40:09.642
222.0, -51691.06891048777, -31581.24912753691, 101934.14711167183, -62734.529403988054, -65581.04641211587, -64264.39455323155, -75484.25501397312, -65806.55316192546, -13037.280802402593, -49711.59842152577, -66782.96676671109, -58775.63312955298, -63044.23517516079, -66026.27080992113, -47933.315984406, -56652.46327548782, 0.06, 0.986, 0.052000000000000005, 192.0, 0.5, 112.0, 15.0, 104.0, 0.5, 80.0, 0.0, 0.0, 0.0, 1.740775209642351E9, 0.0, 2025-02-28 14:40:09.642
230.0, -51690.063081987275, -31582.746694415415, 101896.88675366483, -62733.81414816549, -65579.90647314864, -64262.15937878602, -75476.83423481396, -65801.21109500065, -12976.305243528515, -49683.099947345254, -66756.47994953155, -58752.40966706392, -63018.865945204016, -66011.831583003, -47914.138187663346, -56636.861757858016, 0.06, 0.986, 0.052000000000000005, 192.0, 0.0, 0.0, 0.0, 0.0, 0.0, 0.0, 0.0, 0.0, 0.0, 1.740775209642396E9, 0.0, 2025-02-28 14:40:09.642
230.0, -51732.151416796616, -31677.227518228, 101902.050006634, -62751.114398373895, -65579.9288248931, -64277.13504757107, -75473.59323186794, -65802.01575780103, -12976.305243528515, -49683.099947345254, -66756.47994953155, -58752.40966706392, -63018.865945204016, -66011.831583003, -47914.138187663346, -56636.861757858016, 0.06, 0.986, 0.052000000000000005, 192.0, 0.0, 0.0, 0.0, 0.0, 0.0, 0.0, 0.0, 0.0, 0.0, 1.740775209642438E9, 0.0, 2025-02-28 14:40:09.642
228.0, -51701.529526892846, -31600.873959168668, 101874.08797432041, -62748.92392741727, -65591.66349073214, -64272.061201579716, -75483.49505466165, -65806.01672005853, -13017.410101581825, -49681.24475255546, -66755.74234196453, -58747.268765839195, -63014.19443061286, -66003.89671372136, -47910.04781842802, -56629.19510950984, 0.06, 0.986, 0.052000000000000005, 192.0, 0.0, 0.0, 0.0, 0.0, 0.0, 0.0, 0.0, 0.0, 0.0, 1.740775209642476E9, 0.0, 2025-02-28 14:40:09.642
228.0, -51653.27211061384, -31529.326025167233, 101897.78082344304, -62694.72094711316, -65551.81033036833, -64226.79891905772, -75460.83038578396, -65770.70096381915, -13017.410101581825, -49681.24475255546, -66755.74234196453, -58747.268765839195, -63014.19443061286, -66003.89671372136, -47910.04781842802, -56629.19510950984, 0.06, 0.986, 0.052000000000000005, 192.0, 0.0, 0.0, 0.0, 0.0, 0.0, 0.0, 0.0, 0.0, 0.0, 1.740775209642509E9, 0.0, 2025-02-28 14:40:09.642
228.0, -51694.689893089526, -31597.588252733738, 101898.13845135433, -62744.74415120413, -65585.96379589604, -64267.1214660551, -75475.60488886893, -65798.3277199659, -13017.410101581825, -49681.24475255546, -66755.74234196453, -58747.268765839195, -63014.19443061286, -66003.89671372136, -47910.04781842802, -56629.19510950984, 0.06, 0.986, 0.052000000000000005, 192.0, 0.0, 0.0, 0.0, 0.0, 0.0, 0.0, 0.0, 0.0, 0.0, 1.740775209642543E9, 0.0, 2025-02-28 14:40:09.642
8.0, -51631.00977313636, -31503.263891132345, 101895.14331759732, -62742.77719769206, -65563.41088574062, -64263.5675386867, -75438.94802796222, -65782.21211221363, -12895.83896348941, -49649.70644112903, -66717.92319034615, -58721.8101289046, -63013.412119556924, -65999.31460610803, -47911.679495773256, -56632.45846420032, 0.06, 0.986, 0.052000000000000005, 192.0, 0.0, 0.0, 0.0, 0.0, 0.0, 0.0, 0.0, 0.0, 0.0, 1.74077520964258E9, 0.0, 2025-02-28 14:40:09.642
8.0, -51646.54423553279, -31511.735202280906, 101898.42902403224, -62696.866714580865, -65555.99010658146, -64228.67646559197, -75475.85075805793, -65780.71454533513, -12895.83896348941, -49649.70644112903, -66717.92319034615, -58721.8101289046, -63013.412119556924, -65999.31460610803, -47911.679495773256, -56632.45846420032, 0.06, 0.986, 0.052000000000000005, 192.0, 0.0, 0.0, 0.0, 0.0, 0.0, 0.0, 0.0, 0.0, 0.0, 1.740775209642613E9, 0.0, 2025-02-28 14:40:09.642
46.0, -51657.65305252708, -31537.752632826883, 101885.39795701481, -62737.412779022794, -65592.3340430658, -64262.36054448612, -75494.60387165593, -65810.71058639414, -12865.21707358564, -49641.928034058576, -66702.3440244608, -58722.05599809361, -63004.20320084134, -65984.02601290059, -47913.64644928533, -56626.53525191966, 0.048, 0.986, 0.068, 192.0, 0.5, 64.0, 15.0, 104.0, 1.0, 16.0, 0.0, 0.0, 0.0, 1.740775209642647E9, 0.0, 2025-02-28 14:40:09.642
44.0, -51645.31488958775, -31524.52040010934, 101872.9927388421, -62722.861793382384, -65575.16790332412, -64247.27311697878, -75483.87503431739, -65797.52305716551, -12850.979012367608, -49644.72200211549, -66706.00971055147, -58726.28047779566, -63011.69103523387, -65995.15718163934, -47916.55217606451, -56637.55466193613, 0.048, 0.986, 0.068, 192.0, 0.0, 0.0, 0.0, 0.0, 0.0, 0.0, 0.0, 0.0, 0.0, 1.740775209642686E9, 0.0, 2025-02-28 14:40:09.642
40.0, -51623.14195908808, -31497.541844551786, 101910.29780033801, -62733.143595831825, -65540.03096104038, -64255.72207638289, -75430.16379239128, -65771.19270219716, -12856.58930022589, -49652.99214756396, -66717.5432106904, -58734.10358835502, -63018.173041125905, -66010.95986496925, -47921.78248426706, -56646.67417367389, 0.048, 0.986, 0.068, 192.0, 0.0, 0.0, 0.0, 0.0, 0.0, 0.0, 0.0, 0.0, 0.0, 1.740775209642722E9, 0.0, 2025-02-28 14:40:09.642
54.0, -51645.51605528785, -31530.84594379019, 101891.16470708427, -62717.631485179845, -65576.1290283357, -64251.98933505885, -75482.8692058169, -65800.45113568916, -12843.848805886366, -49638.53056890137, -66696.95725404707, -58708.51084095369, -63006.41602354241, -65973.45363777324, -47916.842748742434, -56621.48375767276, 0.048, 0.986, 0.068, 192.0, 0.0, 0.0, 0.0, 0.0, 0.0, 0.0, 0.0, 0.0, 0.0, 1.740775209642758E9, 0.0, 2025-02-28 14:40:09.642
72.0, -51615.11768282863, -31487.595318269174, 101898.56313449898, -62723.420586993765, -65525.92701028908, -64241.59577388714, -75413.28822532753, -65755.99351596755, -12851.82837865691, -49630.52864438637, -66691.27991095542, -58695.122146024965, -62993.29554954715, -65946.22921302667, -47896.994399666124, -56589.76663229068, 0.048, 0.986, 0.068, 192.0, 0.0, 0.0, 0.0, 0.0, 0.0, 0.0, 0.0, 0.0, 0.0, 1.740775209642803E9, 0.0, 2025-02-28 14:40:09.642
76.0, -51608.903897870056, -31480.353353065653, 101911.32598058296, -62723.66645618278, -65524.563553877306, -64243.98741054385, -75416.1045451289, -65757.64754505725, -12868.50278002057, -49651.04754579634, -66708.87073384174, -58715.57399220157, -63012.2721805897, -65972.2689953171, -47920.9107662333, -56617.482795415264, 0.058, 0.98, 0.064, 192.0, 0.5, 104.0, 15.0, 80.0, 1.0, 0.0, 0.0, 0.0, 0.0, 1.740775209642848E9, 0.0, 2025-02-28 14:40:09.642
98.0, -51732.24082377444, -31682.83780608628, 101885.80028841499, -62730.52844173056, -65539.85214708473, -64235.784320328756, -75415.56810326196, -65751.09848393184, -12814.67977937219, -49629.6122228637, -66687.16718997565, -58689.735375611235, -63001.83391592907, -65960.98136436718, -47909.71254226119, -56609.39146392244, 0.06, 0.978, 0.062, 192.0, 0.0, 0.0, 0.0, 0.0, 0.0, 0.0, 0.0, 0.0, 0.0, 1.740775209642887E9, 0.0, 2025-02-28 14:40:09.642
98.0, -51711.587811897734, -31664.71054133303, 101929.90028022532, -62725.36518876138, -65530.553821391324, -64236.477224406866, -75410.8518851819, -65750.15971066472, -12814.67977937219, -49629.6122228637, -66687.16718997565, -58689.735375611235, -63001.83391592907, -65960.98136436718, -47909.71254226119, -56609.39146392244, 0.06, 0.978, 0.062, 192.0, 0.0, 0.0, 0.0, 0.0, 0.0, 0.0, 0.0, 0.0, 0.0, 1.740775209642923E9, 0.0, 2025-02-28 14:40:09.642
98.0, -51629.802778935766, -31518.105449450668, 101897.57965774294, -62705.76270887408, -65515.93578051755, -64226.95538126891, -75408.05791712498, -65741.82250998289, -12814.67977937219, -49629.6122228637, -66687.16718997565, -58689.735375611235, -63001.83391592907, -65960.98136436718, -47909.71254226119, -56609.39146392244, 0.06, 0.978, 0.062, 192.0, 0.0, 0.0, 0.0, 0.0, 0.0, 0.0, 0.0, 0.0, 0.0, 1.740775209642956E9, 0.0, 2025-02-28 14:40:09.642
106.0, -51701.462471659484, -31640.525953832384, 101914.14230038432, -62721.38657824833, -65531.53729814736, -64235.985486028854, -75415.0540131395, -65749.77973100898, -12888.12761165233, -49649.59468240675, -66706.07676578483, -58708.30967525359, -62992.4685350023, -65951.88420437387, -47890.02065539607, -56593.32055965908, 0.064, 0.986, 0.06, 192.0, 1.0, 0.0, 15.0, 104.0, 0.5, 112.0, 0.0, 0.0, 0.0, 1.740775209642995E9, 0.0, 2025-02-28 14:40:09.642
120.0, -51743.48375123546, -31686.32467822131, 101930.10144592542, -62740.87729941336, -65553.91139434712, -64254.24686124884, -75434.61178953788, -65769.06928647391, -13065.354593438458, -49696.600400996256, -66774.11547590679, -58756.276518854684, -63019.04475915966, -65972.4254575283, -47911.29951611752, -56606.59749586553, 0.064, 0.986, 0.06, 192.0, 0.0, 0.0, 0.0, 0.0, 0.0, 0.0, 0.0, 0.0, 0.0, 1.740775209643033E9, 0.0, 2025-02-28 14:40:09.643
122.0, -51712.079550275754, -31637.97785496448, 101892.81873617397, -62744.386523292844, -65555.81129262582, -64260.170073529494, -75443.48543208664, -65775.99832725506, -13122.463300521767, -49714.07946516031, -66791.25926390401, -58770.11224867252, -63026.5772970411, -65983.35546056693, -47923.12358893437, -56616.65578087042, 0.064, 0.986, 0.06, 192.0, 0.0, 0.0, 0.0, 0.0, 0.0, 0.0, 0.0, 0.0, 0.0, 1.740775209643069E9, 0.0, 2025-02-28 14:40:09.643
122.0, -51699.18259372504, -31615.02261340888, 101925.76520750108, -62743.87243317038, -65555.78894088136, -64262.7181723974, -75449.63216181185, -65778.7252400786, -13122.463300521767, -49714.07946516031, -66791.25926390401, -58770.11224867252, -63026.5772970411, -65983.35546056693, -47923.12358893437, -56616.65578087042, 0.064, 0.986, 0.06, 192.0, 0.0, 0.0, 0.0, 0.0, 0.0, 0.0, 0.0, 0.0, 0.0, 1.740775209643106E9, 0.0, 2025-02-28 14:40:09.643
122.0, -51745.20483555852, -31695.89122484818, 101891.76820418457, -62727.24273529563, -65535.806481338324, -64236.14194824004, -75414.87519918385, -65752.57369906589, -13122.463300521767, -49714.07946516031, -66791.25926390401, -58770.11224867252, -63026.5772970411, -65983.35546056693, -47923.12358893437, -56616.65578087042, 0.064, 0.986, 0.06, 192.0, 0.0, 0.0, 0.0, 0.0, 0.0, 0.0, 0.0, 0.0, 0.0, 1.740775209643141E9, 0.0, 2025-02-28 14:40:09.643
122.0, -51705.77635833935, -31620.722308244982, 101891.65644546229, -62764.57014853599, -65577.29131904738, -64280.8230854062, -75471.13453997787, -65798.64064438827, -13122.463300521767, -49714.07946516031, -66791.25926390401, -58770.11224867252, -63026.5772970411, -65983.35546056693, -47923.12358893437, -56616.65578087042, 0.064, 0.986, 0.06, 192.0, 0.0, 0.0, 0.0, 0.0, 0.0, 0.0, 0.0, 0.0, 0.0, 1.740775209643179E9, 0.0, 2025-02-28 14:40:09.643
132.0, -51700.23312571444, -31605.746639459925, 101881.17347731275, -62747.98515415015, -65563.83556888528, -64265.37802998758, -75455.13069094786, -65783.41910641422, -13056.6821165898, -49707.06101740134, -66780.84335098784, -58765.70895501482, -63029.55007905365, -65989.27867284759, -47921.9612982227, -56624.70240887433, 0.064, 0.986, 0.06, 192.0, 0.0, 0.0, 0.0, 0.0, 0.0, 0.0, 0.0, 0.0, 0.0, 1.740775209643222E9, 0.0, 2025-02-28 14:40:09.643
142.0, -51663.39745085209, -31563.881822095136, 101900.12775661085, -62717.38561599084, -65535.940591805054, -64231.313971437696, -75435.14823140482, -65757.69224854615, -13004.781365964576, -49681.6247322112, -66750.4002750397, -58743.11134137051, -63010.79696545565, -65980.96382391022, -47909.60078353892, -56609.12324298898, 0.064, 0.986, 0.06, 192.0, 0.0, 0.0, 0.0, 0.0, 0.0, 0.0, 0.0, 0.0, 0.0, 1.740775209643264E9, 0.0, 2025-02-28 14:40:09.643
142.0, -51686.10682321869, -31594.72722944346, 101891.65644546229, -62744.14065410384, -65560.25928977242, -64261.8688061081, -75456.62825782636, -65786.1236674933, -13004.781365964576, -49681.6247322112, -66750.4002750397, -58743.11134137051, -63010.79696545565, -65980.96382391022, -47909.60078353892, -56609.12324298898, 0.064, 0.986, 0.06, 192.0, 0.0, 0.0, 0.0, 0.0, 0.0, 0.0, 0.0, 0.0, 0.0, 1.740775209643298E9, 0.0, 2025-02-28 14:40:09.643
154.0, -51678.37311963715, -31567.078121552244, 101909.53784102653, -62747.828691938965, -65576.08432484679, -64271.59181494616, -75482.08689476096, -65803.11099327935, -12964.883502111854, -49698.96968590852, -66755.34001056434, -58757.93054794438, -63028.05251217515, -66004.41080384384, -47927.14690293633, -56633.30783048962, 0.064, 0.986, 0.06, 192.0, 0.0, 0.0, 0.0, 0.0, 0.0, 0.0, 0.0, 0.0, 0.0, 1.740775209643333E9, 0.0, 2025-02-28 14:40:09.643
160.0, -51666.23612239792, -31570.96732508747, 101914.61168701788, -62730.349627774915, -65547.16116752163, -64246.5131576673, -75448.58162982245, -65775.26071968803, -12930.104187739396, -49658.155400533135, -66719.06312931336, -58719.507899225704, -62995.933055392874, -65970.27969006059, -47888.34427456192, -56598.193239950335, 0.064, 0.986, 0.06, 192.0, 0.0, 0.0, 0.0, 0.0, 0.0, 0.0, 0.0, 0.0, 0.0, 1.740775209643367E9, 0.0, 2025-02-28 14:40:09.643
176.0, -51669.81240151077, -31565.200575018, 101928.805044747, -62729.12028182987, -65551.45270245704, -64251.162320514006, -75460.1151299614, -65782.70385059164, -12903.818536259954, -49649.30410972883, -66707.12729777423, -58711.77419564417, -62993.340253036054, -65973.69950696225, -47902.47057705767, -56608.56444937759, 0.06, 0.98, 0.07200000000000001, 192.0, 0.5, 112.0, 15.0, 80.0, 1.0, 32.0, 0.0, 0.0, 0.0, 1.740775209643402E9, 0.0, 2025-02-28 14:40:09.643
172.0, -51625.06420911124, -31513.05395520377, 101882.76045116907, -62708.6013804199, -65546.2223942545, -64235.24787846183, -75445.56414432099, -65768.71165856262, -12922.817519046965, -49660.032947067375, -66723.73464390454, -58724.827614406066, -63006.483078775775, -65981.94730066626, -47912.68532427375, -56616.6110773815, 0.058, 0.98, 0.07, 192.0, 0.0, 0.0, 0.0, 0.0, 0.0, 0.0, 0.0, 0.0, 0.0, 1.74077520964344E9, 0.0, 2025-02-28 14:40:09.643
172.0, -51625.42183702253, -31511.668147047538, 101891.99172162912, -62707.10381354139, -65534.554783648826, -64227.7600440693, -75441.94316171923, -65759.5250915915, -12922.817519046965, -49660.032947067375, -66723.73464390454, -58724.827614406066, -63006.483078775775, -65981.94730066626, -47912.68532427375, -56616.6110773815, 0.058, 0.98, 0.07, 192.0, 0.0, 0.0, 0.0, 0.0, 0.0, 0.0, 0.0, 0.0, 0.0, 1.740775209643474E9, 0.0, 2025-02-28 14:40:09.643
172.0, -51613.77657816131, -31500.134646908602, 101910.8565939494, -62702.521705928055, -65539.18159475108, -64231.47043364888, -75454.6613043143, -65770.45509463013, -12922.817519046965, -49660.032947067375, -66723.73464390454, -58724.827614406066, -63006.483078775775, -65981.94730066626, -47912.68532427375, -56616.6110773815, 0.058, 0.98, 0.07, 192.0, 0.0, 0.0, 0.0, 0.0, 0.0, 0.0, 0.0, 0.0, 0.0, 1.74077520964351E9, 0.0, 2025-02-28 14:40:09.643
196.0, -51652.2886338578, -31540.881877050626, 101910.78953871602, -62737.52453774507, -65560.728676406, -64259.14189328455, -75465.99363875313, -65793.11976350781, -12870.425030043725, -49646.39838294964, -66703.17103900564, -58715.86456487949, -62994.748412936744, -65983.02018440011, -47907.81264398249, -56619.29328671614, 0.06, 0.982, 0.066, 192.0, 0.5, 112.0, 15.0, 88.0, 1.0, 8.0, 0.0, 0.0, 0.0, 1.740775209643546E9, 0.0, 2025-02-28 14:40:09.643
190.0, -51623.186662577, -31511.19876041398, 101878.2006953002, -62711.52945894354, -65544.88128958718, -64237.57245988518, -75456.62825782636, -65775.52894062149, -12835.802177882455, -49622.90669952711, -66683.97089051854, -58696.91028558139, -62977.24699702823, -65962.45657950123, -47885.41619603827, -56603.15532721941, 0.06, 0.982, 0.066, 192.0, 0.0, 0.0, 0.0, 0.0, 0.0, 0.0, 0.0, 0.0, 0.0, 1.740775209643586E9, 0.0, 2025-02-28 14:40:09.643
200.0, -51636.19537784999, -31503.979146954913, 101892.10348035139, -62713.11643279987, -65557.51002520442, -64238.26536396329, -75457.52232760457, -65774.79133305447, -12861.30551830596, -49637.63649912316, -66700.89116107121, -58708.93552409834, -62995.55307573713, -65974.99590814066, -47903.52110904707, -56613.81710932459, 0.06, 0.982, 0.066, 192.0, 0.0, 0.0, 0.0, 0.0, 0.0, 0.0, 0.0, 0.0, 0.0, 1.740775209643627E9, 0.0, 2025-02-28 14:40:09.643
202.0, -51646.097200643686, -31533.95283626948, 101906.36389331389, -62729.81318590799, -65571.72573467801, -64259.611279918114, -75471.08983648894, -65797.12072576532, -12854.01884961353, -49628.42758040757, -66702.50048667198, -58709.650779920914, -63001.63275022898, -65978.9745186537, -47912.08182717345, -56625.104740274524, 0.06, 0.982, 0.066, 192.0, 0.0, 0.0, 0.0, 0.0, 0.0, 0.0, 0.0, 0.0, 0.0, 1.740775209643667E9, 0.0, 2025-02-28 14:40:09.643
212.0, -51632.08265687021, -31522.978129741925, 101890.76237568408, -62710.16600253177, -65552.7714553799, -64239.51706165279, -75454.75071129212, -65777.31708017792, -12928.338399927427, -49677.13203157569, -66722.30413225939, -58733.52244299918, -62990.5686367236, -65991.71501299323, -47902.62703926886, -56616.499318659226, 0.06, 0.982, 0.066, 192.0, 0.0, 0.0, 0.0, 0.0, 0.0, 0.0, 0.0, 0.0, 0.0, 1.740775209643701E9, 0.0, 2025-02-28 14:40:09.643
212.0, -51658.882398472124, -31657.714445318517, 101908.01792240357, -62729.07557834096, -65558.35939149372, -64239.65117211952, -75445.6535512988, -65768.71165856262, -12928.338399927427, -49677.13203157569, -66722.30413225939, -58733.52244299918, -62990.5686367236, -65991.71501299323, -47902.62703926886, -56616.499318659226, 0.06, 0.982, 0.066, 192.0, 0.0, 0.0, 0.0, 0.0, 0.0, 0.0, 0.0, 0.0, 0.0, 1.740775209643734E9, 0.0, 2025-02-28 14:40:09.643
212.0, -51635.36836330514, -31542.222981717943, 101895.9479803977, -62714.01050257809, -65557.6217839267, -64239.85233781962, -75453.23079266916, -65775.32777492139, -12928.338399927427, -49677.13203157569, -66722.30413225939, -58733.52244299918, -62990.5686367236, -65991.71501299323, -47902.62703926886, -56616.499318659226, 0.06, 0.982, 0.066, 192.0, 0.0, 0.0, 0.0, 0.0, 0.0, 0.0, 0.0, 0.0, 0.0, 1.740775209643769E9, 0.0, 2025-02-28 14:40:09.643
210.0, -51671.667596300555, -31665.60461111124, 101891.16470708427, -62746.04055238254, -65576.79958066935, -64257.53256768377, -75474.08497024595, -65791.64454837376, -12924.873879536854, -49662.53634244637, -66713.58695192182, -58723.017123105186, -62987.72996517777, -65979.53331226508, -47901.30828634599, -56610.2631819562, 0.06, 0.982, 0.066, 192.0, 0.0, 0.0, 0.0, 0.0, 0.0, 0.0, 0.0, 0.0, 0.0, 1.740775209643878E9, 0.0, 2025-02-28 14:40:09.643
236.0, -51645.44900005448, -31621.72813674547, 101880.36881451236, -62726.013389350584, -65563.63440318518, -64240.94757329793, -75430.02968192456, -65767.5270161065, -12919.777681801044, -49669.331272760784, -66706.56850416286, -58730.50495749772, -62977.3140522616, -65964.69175394675, -47902.157652635295, -56611.71604534579, 0.056, 0.986, 0.068, 192.0, 0.5, 96.0, 15.0, 104.0, 1.0, 16.0, 0.0, 0.0, 0.0, 1.740775209644378E9, 0.0, 2025-02-28 14:40:09.644
236.0, -51653.428572825025, -31633.26163688441, 101904.553402013, -62730.215517308185, -65568.30591777634, -64245.10499776662, -75442.81487975299, -65776.26654818852, -12919.777681801044, -49669.331272760784, -66706.56850416286, -58730.50495749772, -62977.3140522616, -65964.69175394675, -47902.157652635295, -56611.71604534579, 0.056, 0.986, 0.068, 192.0, 0.25, 48.0, 7.5, 52.0, 0.5, 8.0, 0.0, 0.0, 0.0, 1.740775209644417E9, 0.0, 2025-02-28 14:40:09.644
234.0, -51619.677438697516, -31580.06448508078, 101907.056797392, -62716.156270045794, -65535.76177784942, -64244.725018110876, -75399.51955074306, -65755.43472235618, -12976.126429572872, -49685.04454911286, -66730.17194630766, -58745.77119896069, -62989.719270434296, -65982.14846636636, -47916.23925164214, -56624.70240887433, 0.056, 0.986, 0.068, 192.0, 0.0, 0.0, 0.0, 0.0, 0.0, 0.0, 0.0, 0.0, 0.0, 1.740775209644451E9, 0.0, 2025-02-28 14:40:09.644
252.0, -51618.11281658564, -31573.984810588936, 101921.02663767656, -62713.54111594452, -65526.932838789566, -64238.57828838567, -75386.80140814798, -65742.11308266081, -12911.865164263865, -49646.130162016176, -66684.21675970755, -58688.46132617728, -62958.5609386636, -65932.28172448656, -47885.37149254936, -56581.58589382004, 0.056, 0.986, 0.068, 192.0, 0.0, 0.0, 0.0, 0.0, 0.0, 0.0, 0.0, 0.0, 0.0, 1.740775209644489E9, 0.0, 2025-02-28 14:40:09.644
246.0, -51605.26056352384, -31556.19282200251, 101878.15599181128, -62698.207819248186, -65507.86680076919, -64221.032168988255, -75374.21737601965, -65727.3162278314, -12922.169318457762, -49652.16513301911, -66692.6433673672, -58701.335930983536, -62961.5113689317, -65942.94350659175, -47899.54249853403, -56600.47311788477, 0.056, 0.986, 0.07200000000000001, 192.0, 0.5, 96.0, 15.0, 104.0, 1.0, 32.0, 0.0, 0.0, 0.0, 1.740775209644531E9, 0.0, 2025-02-28 14:40:09.644
8.0, -51616.794063662775, -31562.026627305346, 101902.8993729233, -62725.61105795039, -65507.352710646715, -64230.68812259295, -75393.68574544022, -65738.89443145924, -12917.520155611057, -49625.96888851749, -66655.65123029366, -58659.94050025231, -62928.58724934903, -65897.97179674766, -47850.68158515473, -56537.68706770981, 0.056, 0.986, 0.07200000000000001, 192.0, 0.0, 0.0, 0.0, 0.0, 0.0, 0.0, 0.0, 0.0, 0.0, 1.740775209644578E9, 0.0, 2025-02-28 14:40:09.644
20.0, -51639.61519475165, -31548.660284121073, 101875.6972999212, -62522.94779097412, -65343.04503715576, -64034.90919290891, -75209.84264729531, -65571.16694106662, -12871.207341099662, -49576.81740246027, -66614.59107572926, -58620.02028465513, -62891.72922274223, -65860.06323815146, -47821.065523751444, -56511.04378831909, 0.07, 0.97, 0.07200000000000001, 192.0, 1.0, 24.0, 15.0, 40.0, 1.0, 32.0, 0.0, 0.0, 0.0, 1.740775209695403E9, 0.0, 2025-02-28 14:40:09.695
124.0, -51722.38370446965, -31725.104954851267, 101898.63018973234, -62544.3607621623, -65357.50661581834, -64039.0666173776, -75207.74158331651, -65570.96577536652, -12952.99237406163, -49483.00713098134, -66560.36574368068, -58575.49560970016, -62832.85472784695, -65792.89624606326, -47687.8044233089, -56366.807981349, 0.07, 0.97, 0.07200000000000001, 192.0, 0.0, 0.0, 0.0, 0.0, 0.0, 0.0, 0.0, 0.0, 0.0, 1.740775209695449E9, 0.0, 2025-02-28 14:40:09.695
126.0, -51666.146715420095, -31603.913796414592, 101890.36004428388, -62522.23253515155, -65343.17914762249, -64028.67305620588, -75202.31010941388, -65562.24859502896, -12938.7543128436, -49475.832221011195, -66549.43574064205, -58566.264339240115, -62818.214335228724, -65782.03329825799, -47669.788917277925, -56354.02278352056, 0.07, 0.97, 0.07200000000000001, 192.0, 0.0, 0.0, 0.0, 0.0, 0.0, 0.0, 0.0, 0.0, 0.0, 1.740775209695487E9, 0.0, 2025-02-28 14:40:09.695
128.0, -51723.411884714595, -31706.016565086433, 101895.67975946424, -62538.035218481455, -65357.685429773985, -64036.250297576225, -75209.64148159522, -65567.32244102031, -12987.794040178544, -49491.07611072971, -66566.87010131718, -58580.457696969235, -62824.00343704265, -65786.3248331934, -47676.53914410343, -56356.01208877708, 0.065, 0.975, 0.083, 192.0, 0.5, 112.0, 15.0, 80.0, 1.0, 120.0, 0.0, 0.0, 0.0, 1.740775209695527E9, 0.0, 2025-02-28 14:40:09.695
130.0, -51715.90169857761, -31687.062285788335, 101914.83520446243, -62546.39477090774, -65369.46479910193, -64049.92956518288, -75222.58314163484, -65584.86856041773, -13028.787139509575, -49516.91472732004, -66596.12853480918, -58609.85024092797, -62844.18706228579, -65805.41322295823, -47693.19119372263, -56376.083955297945, 0.065, 0.975, 0.083, 192.0, 0.0, 0.0, 0.0, 0.0, 0.0, 0.0, 0.0, 0.0, 0.0, 1.740775209695564E9, 0.0, 2025-02-28 14:40:09.695
136.0, -51731.39145748514, -31742.025225403933, 101917.807986475, -62542.19264295014, -65358.40068559655, -64037.300829565625, -75211.63078685175, -65568.66354568762, -13100.715053166754, -49530.638698415605, -66611.01479661642, -58617.449834042774, -62833.77114936962, -65808.87774334881, -47681.03184473894, -56369.42313545026, 0.065, 0.975, 0.083, 192.0, 0.0, 0.0, 0.0, 0.0, 0.0, 0.0, 0.0, 0.0, 0.0, 1.740775209729447E9, 0.0, 2025-02-28 14:40:09.729
138.0, -51746.88121639266, -31771.57423157385, 101932.44837909323, -62558.509416402514, -65371.945842736466, -64051.65064950594, -75224.05835676889, -65584.82385692881, -13150.872367724463, -49552.90103589309, -66625.81165144582, -58634.88419471791, -62842.66714366283, -65818.0866620644, -47688.318513431375, -56378.8555716104, 0.065, 0.975, 0.083, 192.0, 0.0, 0.0, 0.0, 0.0, 0.0, 0.0, 0.0, 0.0, 0.0, 1.740775209729517E9, 0.0, 2025-02-28 14:40:09.729
140.0, -51755.59839673024, -31778.056237465888, 101912.33180908345, -62558.53176814697, -65370.58238632469, -64047.44852154834, -75219.72211834457, -65578.8782929037, -13151.833492736041, -49561.7970301863, -66638.55214578535, -58650.105732691976, -62851.47373097822, -65826.82619414642, -47697.95211529161, -56390.45612698271, 0.065, 0.975, 0.083, 192.0, 0.0, 0.0, 0.0, 0.0, 0.0, 0.0, 0.0, 0.0, 0.0, 1.740775209729552E9, 0.0, 2025-02-28 14:40:09.729
140.0, -51745.87538789218, -31756.643266277704, 101895.63505597533, -62549.74753257603, -65378.450200372965, -64046.733265725765, -75224.61715038028, -65581.40404002715, -13151.833492736041, -49561.7970301863, -66638.55214578535, -58650.105732691976, -62851.47373097822, -65826.82619414642, -47697.95211529161, -56390.45612698271, 0.065, 0.975, 0.083, 192.0, 0.0, 0.0, 0.0, 0.0, 0.0, 0.0, 0.0, 0.0, 0.0, 1.740775209767501E9, 0.0, 2025-02-28 14:40:09.767
140.0, -51755.55369324132, -31781.967792745567, 101889.01893961657, -62562.37626819328, -65372.88461600359, -64049.48253029377, -75217.03990900992, -65579.83941791528, -13151.833492736041, -49561.7970301863, -66638.55214578535, -58650.105732691976, -62851.47373097822, -65826.82619414642, -47697.95211529161, -56390.45612698271, 0.0655, 0.9775, 0.0865, 192.0, 1.0, 8.0, 15.0, 80.0, 1.0, 104.0, 0.0, 0.0, 0.0, 1.740775209767571E9, 0.0, 2025-02-28 14:40:09.767
144.0, -51761.81218168881, -31769.696685039606, 101900.28421882204, -62553.32381168888, -65375.45506661595, -64042.84406219055, -75217.68810959913, -65574.29618529037, -13152.861672980986, -49553.45982950447, -66640.16147138613, -58646.685915790316, -62851.45137923377, -65817.97490334212, -47695.11344374579, -56385.91872285828, 0.0655, 0.9775, 0.0865, 192.0, 0.0, 0.0, 0.0, 0.0, 0.0, 0.0, 0.0, 0.0, 0.0, 1.740775209767624E9, 0.0, 2025-02-28 14:40:09.767
146.0, -51765.61197824621, -31779.82202527786, 101914.81285271798, -62559.627003625275, -65384.663985331536, -64054.04228616265, -75225.53357190294, -65588.40013604166, -13181.293091928137, -49547.8942451351, -66636.83106146229, -58638.192252897294, -62850.84788213347, -65810.91175209424, -47693.0570832559, -56380.844876866926, 0.0655, 0.9775, 0.0865, 192.0, 0.0, 0.0, 0.0, 0.0, 0.0, 0.0, 0.0, 0.0, 0.0, 1.740775209783459E9, 0.0, 2025-02-28 14:40:09.783
150.0, -51733.112541808194, -31742.539315526406, 101894.8527449194, -62536.001209736016, -65367.56490082323, -64037.4125882879, -75216.16819097617, -65576.19608356907, -13152.973431703262, -49533.52207345034, -66615.30633155184, -58621.51785153364, -62836.83333836, -65802.01575780103, -47681.83650753934, -56370.63012965085, 0.0655, 0.9775, 0.0865, 192.0, 0.0, 0.0, 0.0, 0.0, 0.0, 0.0, 0.0, 0.0, 0.0, 1.740775209821612E9, 0.0, 2025-02-28 14:40:09.821
152.0, -51740.86859713419, -31746.361463828263, 101917.89739345282, -62539.7115993156, -65378.1819794395, -64046.39798955894, -75231.16621150568, -65586.34377555178, -13113.232030061727, -49538.01477408586, -66622.66005547762, -58633.31957260604, -62848.433893732305, -65811.62700791682, -47690.66544659918, -56382.18598153425, 0.06575, 0.97875, 0.08625, 192.0, 1.0, 8.0, 15.0, 80.0, 1.0, 88.0, 0.0, 0.0, 0.0, 1.740775209821656E9, 0.0, 2025-02-28 14:40:09.821
154.0, -51738.76753315539, -31739.1418503692, 101932.31426862649, -62540.18098594916, -65380.88654051859, -64051.31537333911, -75231.38972895023, -65589.6294819867, -13137.774245473653, -49534.17027403954, -66619.03907287586, -58624.96002017976, -62841.12487329542, -65804.96618806913, -47688.07264424237, -56374.69814714172, 0.06575, 0.97875, 0.08625, 192.0, 0.0, 0.0, 0.0, 0.0, 0.0, 0.0, 0.0, 0.0, 0.0, 1.740775209860627E9, 0.0, 2025-02-28 14:40:09.860
156.0, -51735.32536450927, -31726.490763007496, 101912.28710559453, -62540.404503393715, -65383.52404636432, -64051.67300125039, -75235.72596737456, -65591.17175235412, -13097.831678132019, -49544.0944485777, -66629.20911660303, -58640.96386920976, -62860.101504337974, -65826.31210402395, -47706.64694388473, -56396.93813287475, 0.06575, 0.97875, 0.08625, 192.0, 0.0, 0.0, 0.0, 0.0, 0.0, 0.0, 0.0, 0.0, 0.0, 1.740775209860669E9, 0.0, 2025-02-28 14:40:09.860
158.0, -51707.02805602885, -31692.247890501963, 101890.33769253943, -62513.8059274919, -65356.567842551216, -64024.649742203925, -75206.17696120465, -65565.02021134141, -13104.291332279603, -49516.735913364406, -66598.29665402135, -58607.0339211266, -62829.4796144342, -65795.62315888681, -47681.47887962805, -56364.617510392374, 0.06575, 0.97875, 0.08625, 192.0, 0.0, 0.0, 0.0, 0.0, 0.0, 0.0, 0.0, 0.0, 0.0, 1.74077520988867E9, 0.0, 2025-02-28 14:40:09.888
160.0, -51716.840471844735, -31699.243986516478, 101900.70890196669, -62535.62123008028, -65374.35983113764, -64047.225004103784, -75230.42860393865, -65589.04833663086, -13051.742381065176, -49518.36759070964, -66596.75438365393, -58613.44887178527, -62835.53693718159, -65805.34616772487, -47683.75875756249, -56376.39687972032, 0.06575, 0.97875, 0.08625, 192.0, 0.0, 0.0, 0.0, 0.0, 0.0, 0.0, 0.0, 0.0, 0.0, 1.740775209952888E9, 0.0, 2025-02-28 14:40:09.952
160.0, -51692.0523872438, -31653.825241783292, 101904.39693980181, -62521.51727932898, -65357.70778151844, -64028.33778003905, -75213.57538861936, -65570.89872013316, -13051.742381065176, -49518.36759070964, -66596.75438365393, -58613.44887178527, -62835.53693718159, -65805.34616772487, -47683.75875756249, -56376.39687972032, 0.06575, 0.97875, 0.08625, 192.0, 0.0, 0.0, 0.0, 0.0, 0.0, 0.0, 0.0, 0.0, 0.0, 1.740775209952931E9, 0.0, 2025-02-28 14:40:09.952
160.0, -51705.932820550544, -31681.474349674507, 101916.01984691857, -62526.27820089796, -65363.54158682127, -64033.65749521941, -75217.86692355477, -65574.65381320164, -13051.742381065176, -49518.36759070964, -66596.75438365393, -58613.44887178527, -62835.53693718159, -65805.34616772487, -47683.75875756249, -56376.39687972032, 0.066875, 0.980375, 0.085125, 192.0, 1.0, 16.0, 15.0, 88.0, 1.0, 80.0, 0.0, 0.0, 0.0, 1.740775209952995E9, 0.0, 2025-02-28 14:40:09.952
164.0, -51711.92308806456, -31656.350988906743, 101898.4960792656, -62542.796140050435, -65394.78932556979, -64061.910100210924, -75246.34304599084, -65608.67316826263, -13035.023276212607, -49511.46090167295, -66595.94972085353, -58611.41486303984, -62835.71575113723, -65807.76015612605, -47685.926876774654, -56374.49698144162, 0.066875, 0.980375, 0.085125, 192.0, 0.0, 0.0, 0.0, 0.0, 0.0, 0.0, 0.0, 0.0, 0.0, 1.740775209953044E9, 0.0, 2025-02-28 14:40:09.953
168.0, -51714.38177995465, -31677.40633218364, 101917.29389635252, -62553.07794249988, -65384.77574405381, -64061.01603043271, -75244.04081631194, -65602.01234841494, -13021.299305117049, -49512.533785406806, -66595.21211328651, -58611.59367699548, -62836.00632381515, -65815.71737715213, -47687.402091908705, -56378.028557065554, 0.066875, 0.980375, 0.085125, 192.0, 0.0, 0.0, 0.0, 0.0, 0.0, 0.0, 0.0, 0.0, 0.0, 1.740775209953094E9, 0.0, 2025-02-28 14:40:09.953
192.0, -51705.306971705795, -31659.50258487494, 101931.86723373739, -62544.181948206664, -65375.36565963813, -64047.04619014814, -75237.44705169763, -65590.8811796762, -12979.680356941266, -49474.424061110505, -66557.50472039041, -58570.622929408906, -62826.35037021046, -65798.23831298809, -47676.89677201471, -56363.47757142515, 0.066875, 0.980375, 0.085125, 192.0, 0.0, 0.0, 0.0, 0.0, 0.0, 0.0, 0.0, 0.0, 0.0, 1.740775209953129E9, 0.0, 2025-02-28 14:40:09.953
172.0, -51679.53541034883, -31599.55520624581, 101914.99166667362, -62513.13537515824, -65371.29764214726, -64032.539907996645, -75235.23422899655, -65591.3282145653, -13020.964028950219, -49511.46090167295, -66596.30734876482, -58613.7841479521, -62842.66714366283, -65819.80774638745, -47692.05125475541, -56387.416289736786, 0.066875, 0.980375, 0.085125, 192.0, 0.0, 0.0, 0.0, 0.0, 0.0, 0.0, 0.0, 0.0, 0.0, 1.740775209953164E9, 0.0, 2025-02-28 14:40:09.953
194.0, -51671.108802689174, -31588.088761340234, 101912.39886431681, -62516.59989554881, -65369.576557824206, -64035.356227798016, -75236.97766506406, -65587.23784532999, -12952.791208361532, -49479.967293735426, -66564.99255478293, -58581.68704291428, -62838.19679477177, -65811.42584221672, -47689.503155887505, -56378.98968207713, 0.066875, 0.980375, 0.085125, 192.0, 0.0, 0.0, 0.0, 0.0, 0.0, 0.0, 0.0, 0.0, 0.0, 1.740775210012085E9, 0.0, 2025-02-28 14:40:10.012
196.0, -51660.51407581736, -31571.704932654495, 101914.2093556177, -62486.022709133955, -65358.91477571902, -64021.38638751345, -75220.25856021149, -65575.95021438005, -12970.314976014493, -49471.898313987054, -66553.07907498826, -58567.2254642517, -62824.91985856532, -65800.9875775561, -47677.43321388164, -56367.92556857176, 0.066875, 0.980375, 0.085125, 192.0, 0.0, 0.0, 0.0, 0.0, 0.0, 0.0, 0.0, 0.0, 0.0, 1.740775210012128E9, 0.0, 2025-02-28 14:40:10.012
210.0, -51664.068003185756, -31561.356074971685, 101899.59131474393, -62498.94201742912, -65348.29769710275, -64015.88785837744, -75219.61035962228, -65572.84332190077, -12928.494862138614, -49467.94205521847, -66558.86817680218, -58572.09814454296, -62836.56511742653, -65810.33060673841, -47675.5556673474, -56374.340519230434, 0.066875, 0.980375, 0.085125, 192.0, 0.0, 0.0, 0.0, 0.0, 0.0, 0.0, 0.0, 0.0, 0.0, 1.740775210012162E9, 0.0, 2025-02-28 14:40:10.012
204.0, -51667.353709620686, -31576.599964690206, 101908.33084682595, -62493.68935748212, -65366.67083104502, -64023.35334102552, -75225.77944109196, -65577.85011265875, -12967.208083535204, -49462.59998829365, -66548.206394697, -58554.194397234256, -62825.54570741006, -65788.80587682794, -47667.91137074368, -56349.5524346295, 0.066875, 0.980375, 0.085125, 192.0, 0.0, 0.0, 0.0, 0.0, 0.0, 0.0, 0.0, 0.0, 0.0, 1.740775210012198E9, 0.0, 2025-02-28 14:40:10.012
206.0, -51669.097145688196, -31567.34634248571, 101920.75841674309, -62501.31130234138, -65352.14219714906, -64018.74888166772, -75221.01851952297, -65573.37976376769, -12935.08862675293, -49474.51346808833, -66558.75641807991, -58571.60640616494, -62836.69922789327, -65804.09447003537, -47675.309798158385, -56365.51158017058, 0.06543750000000001, 0.9781875, 0.0865625, 192.0, 1.0, 0.0, 15.0, 64.0, 1.0, 96.0, 0.0, 0.0, 0.0, 1.740775210012255E9, 0.0, 2025-02-28 14:40:10.012
216.0, -51648.064154155756, -31541.127746239636, 101911.92947768325, -62483.45225852159, -65331.0197986388, -63997.82764885756, -75196.14102794422, -65551.65386815714, -12945.37042920237, -49433.49801701284, -66526.39109210862, -58540.64924009434, -62796.86841927391, -65770.56685335241, -47638.20590236258, -56335.604946089385, 0.06543750000000001, 0.9781875, 0.0865625, 192.0, 0.0, 0.0, 0.0, 0.0, 0.0, 0.0, 0.0, 0.0, 0.0, 1.740775210074452E9, 0.0, 2025-02-28 14:40:10.074
218.0, -51672.62872131213, -31566.832252363238, 101925.96637320118, -62509.24617162302, -65360.30058387525, -64025.52146023768, -75219.23037996655, -65577.67129870312, -12916.402568388292, -49435.777894947285, -66535.04121721283, -58552.24979546664, -62805.630303100384, -65780.71454533513, -47645.447867566094, -56348.59130961792, 0.06543750000000001, 0.9781875, 0.0865625, 192.0, 0.0, 0.0, 0.0, 0.0, 0.0, 0.0, 0.0, 0.0, 0.0, 1.74077521007452E9, 0.0, 2025-02-28 14:40:10.074
220.0, -51663.8444857412, -31551.208382988978, 101906.02861714705, -62489.442526035615, -65352.54452854926, -64009.3611489965, -75201.1478187022, -65559.05229557185, -12954.333478728948, -49446.28321484128, -66548.18404295255, -58558.48593216967, -62818.41550092882, -65785.96720528213, -47661.85404799629, -56355.743867843616, 0.06543750000000001, 0.9781875, 0.0865625, 192.0, 0.0, 0.0, 0.0, 0.0, 0.0, 0.0, 0.0, 0.0, 0.0, 1.740775210074567E9, 0.0, 2025-02-28 14:40:10.074
222.0, -51674.64037831311, -31562.33955172772, 101881.35229126838, -62500.30547384089, -65367.65430780105, -64025.364998026496, -75208.0992112278, -65571.43516200008, -12928.561917371979, -49441.5222932723, -66542.99843823892, -58553.9708797897, -62825.29983822106, -65783.01677501402, -47659.9988532065, -56353.39693467581, 0.06371875, 0.97709375, 0.08928125, 192.0, 0.5, 120.0, 15.0, 64.0, 1.0, 112.0, 0.0, 0.0, 0.0, 1.740775210074605E9, 0.0, 2025-02-28 14:40:10.074
224.0, -51669.298311388295, -31551.498955666895, 101892.10348035139, -62490.068374880364, -65355.62906928409, -64016.133727566455, -75192.29652789791, -65556.83947287076, -12942.576461145456, -49439.30947057122, -66540.74091204893, -58550.886339054865, -62822.282352719594, -65772.69026907567, -47662.166972418665, -56347.80899856198, 0.06371875, 0.97709375, 0.08928125, 192.0, 0.0, 0.0, 0.0, 0.0, 0.0, 0.0, 0.0, 0.0, 0.0, 1.740775210074642E9, 0.0, 2025-02-28 14:40:10.074
226.0, -51647.88534020011, -31530.95770251247, 101898.80900368799, -62494.0022819045, -65331.042150383255, -64016.893686877935, -75169.22952762003, -65547.65290589964, -12929.835966805931, -49445.05386889623, -66544.09367371723, -58558.73180135868, -62826.17155625481, -65774.94779526566, -47664.93858873112, -56352.34640268641, 0.06371875, 0.97709375, 0.08928125, 192.0, 0.0, 0.0, 0.0, 0.0, 0.0, 0.0, 0.0, 0.0, 0.0, 1.740775210074678E9, 0.0, 2025-02-28 14:40:10.074
228.0, -51648.041802411295, -31526.174429199033, 101922.39009408833, -62479.27248230845, -65325.029531124776, -63999.839305858535, -75160.93703042711, -65533.14662374814, -12932.294658696015, -49440.091781627154, -66540.204470182, -58554.037935023065, -62820.82948933, -65767.3258504064, -47663.53042883044, -56348.47955089564, 0.06371875, 0.97709375, 0.08928125, 192.0, 0.0, 0.0, 0.0, 0.0, 0.0, 0.0, 0.0, 0.0, 0.0, 1.740775210074712E9, 0.0, 2025-02-28 14:40:10.074
232.0, -51641.15746511906, -31517.367841883643, 101910.051931149, -62485.955653900586, -65319.62040896659, -64008.60118968502, -75160.66880949364, -65539.40511219563, -12902.656245548278, -49422.38920001855, -66519.05971992729, -58533.60844059091, -62806.74789032315, -65753.60187931084, -47657.47310608305, -56341.21523394767, 0.061859375, 0.9785468749999999, 0.089640625, 192.0, 0.5, 112.0, 15.0, 80.0, 1.0, 104.0, 0.0, 0.0, 0.0, 1.740775210140267E9, 0.0, 2025-02-28 14:40:10.140
234.0, -51651.30515710177, -31533.684615336017, 101923.93236445574, -62511.07901466835, -65337.14417661956, -64033.746902197236, -75181.61239404826, -65565.15432180815, -12909.60763807388, -49425.45138900893, -66520.53493506134, -58532.356742901415, -62813.05108225955, -65756.99934446804, -47666.5479143319, -56348.59130961792, 0.061859375, 0.9785468749999999, 0.089640625, 192.0, 0.0, 0.0, 0.0, 0.0, 0.0, 0.0, 0.0, 0.0, 0.0, 1.740775210140316E9, 0.0, 2025-02-28 14:40:10.140
