%OpenBCI Raw EXG Data
%Number of channels = 16
%Sample Rate = 125 Hz
%Board = OpenBCI_GUI$BoardCytonSerialDaisy
Sample Index, EXG Channel 0, EXG Channel 1, EXG Channel 2, EXG Channel 3, EXG Channel 4, EXG Channel 5, EXG Channel 6, EXG Channel 7, EXG Channel 8, EXG Channel 9, EXG Channel 10, EXG Channel 11, EXG Channel 12, EXG Channel 13, EXG Channel 14, EXG Channel 15, Accel Channel 0, Accel Channel 1, Accel Channel 2, Not Used, Digital Channel 0 (D11), Digital Channel 1 (D12), Digital Channel 2 (D13), Digital Channel 3 (D17), Not Used, Digital Channel 4 (D18), Analog Channel 0, Analog Channel 1, Analog Channel 2, Timestamp, Marker Channel, Timestamp (Formatted)
0.0, -54826.21399476696, -43793.258821160656, -65379.500732362365, -66245.9884579168, -64352.236908940904, -55134.980992672565, -59115.46905225147, -49750.646919089195, 0.0, 0.0, 0.0, 0.0, 0.0, 0.0, 0.0, 0.0, 0.0, 0.0, 0.0, 192.0, 0.0, 0.0, 0.0, 0.0, 0.0, 0.0, 0.0, 0.0, 0.0, 1.741801999144073E9, 0.0, 2025-03-12 12:53:19.144
238.0, -54821.69894238698, -43784.85456524546, -65376.147970694066, -66237.9865334018, -64348.30300191677, -55126.263812335, -59106.30483702479, -49739.51575035045, -28524.22339012902, -48471.18836297851, -58397.285151157994, 2442766.8980082152, -54115.920259466206, -59136.390285061636, -48505.92297386205, -5674.437364868804, 0.0, 0.0, 0.0, 192.0, 0.0, 0.0, 0.0, 0.0, 0.0, 0.0, 0.0, 0.0, 0.0, 1.741801999144465E9, 0.0, 2025-03-12 12:53:19.144
240.0, -54831.46665471395, -43797.170376440336, -65393.38116566911, -66252.22459461982, -64363.52453989084, -55143.00526893202, -59120.92287789856, -49757.95593952608, -28543.423538616127, -48485.80640385228, -58420.75448283607, 2442632.2510996168, -54134.67337306421, -59156.35039286022, -48531.359259052195, -5690.687083087812, 0.028, 0.964, -0.212, 192.0, 0.0, 112.0, 15.0, 16.0, 124.5, 48.0, 0.0, 0.0, 0.0, 1.741801999144886E9, 0.0, 2025-03-12 12:53:19.144
242.0, -54835.847596627194, -43796.03043747311, -65395.86220930365, -66252.98455393131, -64360.216481711446, -55143.40760033222, -59116.78780517433, -49759.67702384914, -28533.07468093332, -48478.02799678183, -58412.30552343196, 2442520.6711912956, -54126.693800293666, -59147.47675031147, -48523.20087232601, -5687.468431886248, 0.028, 0.964, -0.212, 192.0, 0.0, 0.0, 0.0, 0.0, 0.0, 0.0, 0.0, 0.0, 0.0, 1.741801999145298E9, 0.0, 2025-03-12 12:53:19.145
244.0, -54838.30628851728, -43809.597946357484, -65408.42388968753, -66268.92134772794, -64370.85591207218, -55156.59512956085, -59123.04629362182, -49761.50986689447, -28541.613047315248, -48490.656732399075, -58427.48235791712, 2442389.7793757655, -54133.533434096986, -59153.53407305886, -48532.09686661922, -5686.619065596947, 0.028, 0.964, -0.212, 192.0, 0.0, 0.0, 0.0, 0.0, 0.0, 0.0, 0.0, 0.0, 0.0, 1.741801999145592E9, 0.0, 2025-03-12 12:53:19.145
246.0, -54836.20522453848, -43809.55324286858, -65411.016692044344, -66270.28480413971, -64371.63822312811, -55158.09269643935, -59123.49332851092, -49770.13764025422, -28549.27969566342, -48500.89383135961, -58433.33851496441, 2442243.867187961, -54139.36723939982, -59169.739087788956, -48541.484599290445, -5700.968885537253, 0.028, 0.964, -0.212, 192.0, 0.0, 0.0, 0.0, 0.0, 0.0, 0.0, 0.0, 0.0, 0.0, 1.741801999145891E9, 0.0, 2025-03-12 12:53:19.145
248.0, -54814.97106730593, -43783.51346057814, -65390.967177267936, -66249.94471668538, -64349.33118216172, -55134.46690255009, -59100.873363122155, -49740.18630268411, -28549.749082296978, -48501.11734880416, -58443.24033775811, 2442155.354279918, -54138.60728008834, -59167.705079043524, -48543.94329118053, -5699.247801214195, 0.028, 0.964, -0.212, 192.0, 0.0, 0.0, 0.0, 0.0, 0.0, 0.0, 0.0, 0.0, 0.0, 1.741801999146177E9, 0.0, 2025-03-12 12:53:19.146
250.0, -54806.544459646284, -43781.32298962152, -65388.26261618884, -66248.84948120707, -64346.716028060444, -55128.566042013896, -59094.63722641912, -49737.99583172749, -28509.35948006624, -48462.82881055222, -58399.92265700372, 2442692.3325887127, -54101.168108125705, -59131.070569881274, -48504.023075583355, -5659.059364683552, 0.024, 0.9580000000000001, -0.214, 192.0, 0.0, 96.0, 14.5, 120.0, 124.5, 40.0, 0.0, 0.0, 0.0, 1.741801999146473E9, 0.0, 2025-03-12 12:53:19.146
252.0, -54814.00994229435, -43786.754463524165, -65396.51040989285, -66256.18085338842, -64350.38171415112, -55139.741914241546, -59100.381624744135, -49751.65274758968, -28528.559628553347, -48484.73352011842, -58422.20734622567, 2442618.3036110764, -54116.27788737749, -59149.35429684571, -48525.23488107144, -5677.812478281556, 0.024, 0.9580000000000001, -0.214, 192.0, 0.0, 0.0, 0.0, 0.0, 0.0, 0.0, 0.0, 0.0, 0.0, 1.741801999146778E9, 0.0, 2025-03-12 12:53:19.146
254.0, -54802.02940726631, -43772.1811261393, -65386.02744174331, -66244.02150440472, -64335.808376766254, -55129.2142426031, -59086.612950159666, -49742.8908637632, -28530.72774776551, -48478.855011326676, -58423.50374740407, 2442505.114377155, -54118.04367518946, -59149.600166034725, -48524.2514043154, -5678.952417248776, 0.024, 0.9580000000000001, -0.214, 192.0, 0.0, 0.0, 0.0, 0.0, 0.0, 0.0, 0.0, 0.0, 0.0, 1.741801999147065E9, 0.0, 2025-03-12 12:53:19.147
0.0, -27409.676004609588, -21897.80287716423, -32700.08804799176, -33129.621521189394, -32184.232137707728, -27582.07500959337, -29563.646562534163, -24881.91722415891, -14256.836683373056, -24233.381358788178, -29203.962290759362, 1221197.0354553505, -27049.231773523305, -29565.725274768505, -24253.60968752023, -2829.283813152768, 0.032, 0.9540000000000001, -0.21, 192.0, 0.5, 0.0, 14.5, 104.0, 124.5, 56.0, 0.0, 0.0, 0.0, 1.741801999302726E9, 0.0, 2025-03-12 12:53:19.302
2.0, -54818.23442199641, -43795.270478161634, -65401.27133146183, -66256.44907432188, -64365.8938248031, -55154.02467894849, -59121.03463662084, -49752.680927834626, -28529.140773909185, -48486.20873525247, -58428.93522130671, 2442404.2633061726, -54130.94063174017, -59156.03746843785, -48538.22124459997, -5704.075778016541, 0.032, 0.9540000000000001, -0.21, 192.0, 0.0, 0.0, 0.0, 0.0, 0.0, 0.0, 0.0, 0.0, 0.0, 1.741801999303126E9, 0.0, 2025-03-12 12:53:19.303
4.0, -54815.10517777267, -43794.06348396105, -65403.08182276271, -66256.62788827752, -64360.32824043373, -55151.36482135831, -59113.36798827267, -49749.88695977771, -28518.41193657064, -48478.25151422638, -58422.02853227002, 2442287.3189791823, -54117.5742885559, -59140.927689186065, -48527.782979939344, -5687.0437487415975, 0.032, 0.9540000000000001, -0.21, 192.0, 0.0, 0.0, 0.0, 0.0, 0.0, 0.0, 0.0, 0.0, 0.0, 1.741801999303427E9, 0.0, 2025-03-12 12:53:19.303
6.0, -54786.67375882551, -43763.01691091262, -65372.862264259136, -66223.45789950584, -64325.86185048364, -55115.37851278526, -59077.42638318853, -49714.437093071596, -28518.680157504103, -48475.52460140284, -58424.2413549711, 2442269.6163975736, -54119.94357346816, -59139.51952928538, -48527.04537237232, -5684.048614984586, 0.032, 0.9540000000000001, -0.21, 192.0, 0.0, 0.0, 0.0, 0.0, 0.0, 0.0, 0.0, 0.0, 0.0, 1.741801999303728E9, 0.0, 2025-03-12 12:53:19.303
8.0, -54797.69316884198, -43780.33951286549, -65389.29079643379, -66243.4850625378, -64341.463368113444, -55139.116065396796, -59089.51867693886, -49740.18630268411, -28496.373116537707, -48458.291406427794, -58404.61652333934, 2442702.524984184, -54095.82604120088, -59116.63134296314, -48503.01724708286, -5657.986480949698, 0.034, 0.9560000000000001, -0.20800000000000002, 192.0, 0.5, 8.0, 14.5, 112.0, 124.5, 64.0, 0.0, 0.0, 0.0, 1.741801999304006E9, 0.0, 2025-03-12 12:53:19.304
10.0, -54783.902142513056, -43764.69329174677, -65376.0809154607, -66230.0293123757, -64331.24862089737, -55126.08499837935, -59077.8957698221, -49728.71985777854, -28498.31771830532, -48462.02414775183, -58405.91292451775, 2442589.8721921295, -54103.4703378046, -59128.99185764693, -48510.84035764222, -5668.827077010522, 0.034, 0.9560000000000001, -0.20800000000000002, 192.0, 0.0, 0.0, 0.0, 0.0, 0.0, 0.0, 0.0, 0.0, 0.0, 1.741801999304315E9, 0.0, 2025-03-12 12:53:19.304
12.0, -54805.76214859035, -43785.413358856844, -65396.75627908186, -66250.25764110776, -64352.326315918726, -55146.648603278234, -59096.8500491202, -49748.56820685485, -28503.570378252316, -48471.74715658989, -58414.60775311086, 2442460.5897021997, -54107.56070703992, -59134.44568329403, -48515.8024449113, -5669.36351887745, 0.034, 0.9560000000000001, -0.20800000000000002, 192.0, 0.0, 0.0, 0.0, 0.0, 0.0, 0.0, 0.0, 0.0, 0.0, 1.741801999304605E9, 0.0, 2025-03-12 12:53:19.304
14.0, -54793.73691007339, -43775.51153606314, -65386.98856675489, -66242.56864101514, -64344.95024024847, -55138.758437485514, -59088.89282809411, -49749.14935221068, -28512.44402080107, -48477.75977584837, -58422.76613983705, 2442322.1877005324, -54115.18265189918, -59144.10163689872, -48523.15616883709, -5677.499553859181, 0.034, 0.9560000000000001, -0.20800000000000002, 192.0, 0.0, 0.0, 0.0, 0.0, 0.0, 0.0, 0.0, 0.0, 0.0, 1.741801999304889E9, 0.0, 2025-03-12 12:53:19.304
16.0, -54789.44537513798, -43768.20251562625, -65378.74077305088, -66233.7844054442, -64336.098949444175, -55128.1637106137, -59079.66155763407, -49727.7363810225, -28500.530541006392, -48464.30402568627, -58411.61261935385, 2442218.6544202156, -54101.32457033689, -59129.72946521395, -48509.72277041945, -5666.569550820536, 0.034, 0.9560000000000001, -0.20800000000000002, 192.0, 0.0, 0.0, 0.0, 0.0, 0.0, 0.0, 0.0, 0.0, 0.0, 1.741801999363009E9, 0.0, 2025-03-12 12:53:19.363
18.0, -54768.54649407226, -43753.78564045258, -65359.94295596397, -66215.8806581355, -64316.92115270152, -55112.07045460588, -59064.8423510602, -49713.11834014873, -28483.654973942637, -48448.32252840073, -58393.97709297861, 2442328.6250029355, -54083.57728523938, -59111.82571790525, -48487.81806085326, -5645.6036145214575, 0.03, 0.9560000000000001, -0.21, 192.0, 0.0, 120.0, 14.5, 112.0, 124.5, 56.0, 0.0, 0.0, 0.0, 1.741801999363364E9, 0.0, 2025-03-12 12:53:19.363
20.0, -54772.79332551877, -43755.86435268693, -65364.100380432654, -66218.87579189251, -64321.95029520396, -55109.120024337775, -59072.129019752625, -49705.38463656719, -28482.40327625314, -48447.96490048944, -58396.74870929107, 2442727.7377519296, -54083.59963698383, -59112.63038070565, -48487.77335736434, -5641.6697074973235, 0.03, 0.9560000000000001, -0.21, 192.0, 0.0, 0.0, 0.0, 0.0, 0.0, 0.0, 0.0, 0.0, 0.0, 1.741801999363679E9, 0.0, 2025-03-12 12:53:19.363
22.0, -54786.87492452561, -43767.50961154814, -65373.331650892695, -66230.25282982025, -64333.90847848755, -55125.257983834505, -59077.18051399953, -49724.71889552104, -28485.510168732428, -48453.888112770095, -58401.353168648864, 2442619.3764948105, -54093.1661836107, -59119.47001450897, -48493.0930725447, -5645.380097076905, 0.03, 0.9560000000000001, -0.21, 192.0, 0.0, 0.0, 0.0, 0.0, 0.0, 0.0, 0.0, 0.0, 0.0, 1.741801999363989E9, 0.0, 2025-03-12 12:53:19.363
24.0, -54794.02748275131, -43773.455175573254, -65379.25486317335, -66237.09246362359, -64343.229155925415, -55129.57187051438, -59085.83063910373, -49729.8374450013, -28494.875549659202, -48466.69566234299, -58414.361883921854, 2442482.583818744, -54106.2196023726, -59131.919936170576, -48500.8491278707, -5660.087544928497, 0.03, 0.9560000000000001, -0.21, 192.0, 0.0, 0.0, 0.0, 0.0, 0.0, 0.0, 0.0, 0.0, 0.0, 1.741801999364306E9, 0.0, 2025-03-12 12:53:19.364
26.0, -54794.65333159606, -43773.96926569573, -65378.47255211742, -66235.75135895626, -64341.23985066889, -55129.68362923666, -59084.98127281443, -49732.1396746802, -28497.40129678265, -48468.90848504406, -58419.391026424295, 2442361.347956818, -54111.4722623196, -59136.6585059951, -48504.51481396137, -5664.088507185997, 0.03, 0.9560000000000001, -0.21, 192.0, 0.0, 0.0, 0.0, 0.0, 0.0, 0.0, 0.0, 0.0, 0.0, 1.741801999364593E9, 0.0, 2025-03-12 12:53:19.364
28.0, -54795.860325796646, -43776.49501281918, -65388.66494758904, -66248.4918532958, -64346.60426933817, -55138.065533407396, -59093.34082524072, -49737.52644509393, -28487.007735610932, -48458.581979105715, -58409.42214839723, 2442263.1790951705, -54098.46354704661, -59127.98602914644, -48492.40016846659, -5658.50057107217, 0.022, 0.964, -0.212, 192.0, 0.0, 88.0, 15.0, 16.0, 124.5, 48.0, 0.0, 0.0, 0.0, 1.741801999364893E9, 0.0, 2025-03-12 12:53:19.364
30.0, -54804.64456136758, -43779.84777448747, -65387.70382257746, -66246.32373408362, -64345.620792582136, -55138.758437485514, -59093.184363029526, -49736.90059624918, -28506.945491665065, -48476.329264203225, -58435.819558598945, 2442270.6892813076, -54125.509157837536, -59153.310555614305, -48520.33984903573, -5684.897981273888, 0.022, 0.964, -0.212, 192.0, 0.0, 0.0, 0.0, 0.0, 0.0, 0.0, 0.0, 0.0, 0.0, 1.741801999423349E9, 0.0, 2025-03-12 12:53:19.423
32.0, -54806.70092185747, -43780.92065822132, -65386.92151152153, -66246.01080966125, -64345.86666177114, -55139.98778343055, -59091.48563045092, -49745.14838995319, -28499.189436339075, -48460.16895296204, -58416.08296824491, 2442695.014798047, -54109.907640207726, -59131.89758442612, -48494.300066745294, -5663.306196130061, 0.022, 0.964, -0.212, 192.0, 0.0, 0.0, 0.0, 0.0, 0.0, 0.0, 0.0, 0.0, 0.0, 1.741801999423688E9, 0.0, 2025-03-12 12:53:19.423
34.0, -54833.03127682582, -43794.510518850155, -65405.18288674151, -66262.95343195838, -64365.33503119172, -55160.216112162605, -59116.05019760731, -49755.541951124906, -28524.73748025149, -48488.26509574236, -58449.118846549856, 2442545.347517174, -54140.41777138922, -59161.24542489594, -48527.11242760568, -5695.26919070115, 0.022, 0.964, -0.212, 192.0, 0.0, 0.0, 0.0, 0.0, 0.0, 0.0, 0.0, 0.0, 0.0, 1.74180199942398E9, 0.0, 2025-03-12 12:53:19.423
36.0, -54817.96620106295, -43781.166527410336, -65392.24122670189, -66249.27416435172, -64353.17568220803, -55145.79923698893, -59102.77326140086, -49738.10759044976, -28510.186494611087, -48467.030938509815, -58430.87982307433, 2442446.64221366, -54131.432370118186, -59145.04041016584, -48513.85784314368, -5686.149678963385, 0.022, 0.964, -0.212, 192.0, 0.0, 0.0, 0.0, 0.0, 0.0, 0.0, 0.0, 0.0, 0.0, 1.741801999424276E9, 0.0, 2025-03-12 12:53:19.424
38.0, -54827.13041628962, -43791.42597811532, -65397.404479671066, -66255.35383884357, -64357.288403187806, -55150.649565535736, -59110.998703360405, -49746.22127368704, -28518.948378437566, -48474.56347639125, -58440.915756334754, 2442324.869909867, -54138.40611438824, -59150.94127070204, -48523.20087232601, -5692.229353455228, 0.022, 0.9580000000000001, -0.20600000000000002, 192.0, 0.0, 88.0, 14.5, 120.0, 124.5, 72.0, 0.0, 0.0, 0.0, 1.741801999424551E9, 0.0, 2025-03-12 12:53:19.424
40.0, -54828.76209363486, -43796.611582828955, -65402.634787873605, -66262.19347264689, -64360.574109622736, -55156.59512956085, -59115.960790629484, -49752.16683771215, -28521.74234649448, -48474.67523511354, -58441.11692203485, 2442202.5611642078, -54139.36723939982, -59151.25419512441, -48523.75966593739, -5697.638475613413, 0.022, 0.9580000000000001, -0.20600000000000002, 192.0, 0.0, 0.0, 0.0, 0.0, 0.0, 0.0, 0.0, 0.0, 0.0, 1.741801999424852E9, 0.0, 2025-03-12 12:53:19.424
42.0, -54806.969142790935, -43777.97022795323, -65383.814619042234, -66243.59682126007, -64342.111568702654, -55138.24434736304, -59099.01816833236, -49735.76065728196, -28510.767639966925, -48466.82977280972, -58431.908003319266, 2442296.974932787, -54127.56551832742, -59137.84314845123, -48513.455511743494, -5687.535487119614, 0.022, 0.9580000000000001, -0.20600000000000002, 192.0, 0.0, 0.0, 0.0, 0.0, 0.0, 0.0, 0.0, 0.0, 0.0, 1.741801999425133E9, 0.0, 2025-03-12 12:53:19.425
44.0, -54826.14693953359, -43790.084873448, -65394.20818021395, -66254.07978940962, -64351.5887083517, -55153.15296091473, -59111.24457254942, -49745.34955565329, -28514.478029546506, -48461.82298205173, -58433.51732892005, 2442758.3149383445, -54133.15345444125, -59141.73235198645, -48512.31557277627, -5691.1564697213735, 0.022, 0.9580000000000001, -0.20600000000000002, 192.0, 0.0, 0.0, 0.0, 0.0, 0.0, 0.0, 0.0, 0.0, 0.0, 1.741801999425437E9, 0.0, 2025-03-12 12:53:19.425
46.0, -54828.27035525684, -43793.21411767175, -65398.164438982545, -66258.88541446751, -64356.95312702098, -55161.71367904111, -59116.58663947423, -49764.974387285045, -28522.36819533923, -48474.5411246468, -58443.24033775811, 2442631.1782158827, -54141.13302721179, -59150.158959646105, -48521.03275311384, -5701.3041617040835, 0.022, 0.9580000000000001, -0.20600000000000002, 192.0, 0.0, 0.0, 0.0, 0.0, 0.0, 0.0, 0.0, 0.0, 0.0, 1.741801999482766E9, 0.0, 2025-03-12 12:53:19.482
48.0, -54821.20720400896, -43780.83125124351, -65386.630938843606, -66246.30138233917, -64353.2427374414, -55150.60486204683, -59112.898601639106, -49744.053154474874, -28513.718070235023, -48467.41091816556, -58431.75154110808, 2442517.9889819613, -54135.075704464405, -59144.0569334098, -48514.48369198843, -5695.582115123524, 0.022, 0.96, -0.20800000000000002, 192.0, 0.0, 88.0, 15.0, 0.0, 124.5, 64.0, 0.0, 0.0, 0.0, 1.741801999483113E9, 0.0, 2025-03-12 12:53:19.483
50.0, -54825.40933196656, -43787.82734725802, -65391.0342325013, -66251.26346960825, -64359.14359797759, -55151.81185624741, -59109.74700567091, -49754.60317785778, -28514.567436524325, -48470.02607226683, -58432.84677658639, 2442387.633608298, -54139.16607369972, -59143.14051188714, -48519.02109611286, -5693.726920333734, 0.022, 0.96, -0.20800000000000002, 192.0, 0.0, 0.0, 0.0, 0.0, 0.0, 0.0, 0.0, 0.0, 0.0, 1.741801999483443E9, 0.0, 2025-03-12 12:53:19.483
52.0, -54804.309285200754, -43764.872105702416, -65373.59987182616, -66232.62211473253, -64340.61400182414, -55136.322097339886, -59097.87822936514, -49739.716916050544, -28502.676308474103, -48454.55866510376, -58420.91094504725, 2442277.6630255776, -54129.823044517405, -59134.66920073858, -48510.92976462004, -5689.301274931583, 0.022, 0.96, -0.20800000000000002, 192.0, 0.0, 0.0, 0.0, 0.0, 0.0, 0.0, 0.0, 0.0, 0.0, 1.741801999483729E9, 0.0, 2025-03-12 12:53:19.483
54.0, -54808.39965443607, -43764.872105702416, -65378.13727595059, -66237.09246362359, -64343.25150766987, -55141.44064682015, -59100.47103172196, -49742.242663173995, -28495.747267692957, -48447.741383044886, -58418.27343920153, 2442169.3017684584, -54121.999933958046, -59125.39322678962, -48510.102750075195, -5684.808574296067, 0.022, 0.96, -0.20800000000000002, 192.0, 0.0, 0.0, 0.0, 0.0, 0.0, 0.0, 0.0, 0.0, 0.0, 1.741801999484022E9, 0.0, 2025-03-12 12:53:19.484
56.0, -54786.42788963651, -43751.729279962696, -65362.33459262069, -66227.12358559652, -64327.44882433997, -55127.157882113206, -59085.40595595908, -49730.17272116813, -28487.54417747786, -48438.867740496135, -58407.34343616288, 2442459.516818466, -54113.86389897632, -59119.02297961986, -48501.63143892663, -5683.869801028944, 0.022, 0.96, -0.20800000000000002, 192.0, 0.0, 0.0, 0.0, 0.0, 0.0, 0.0, 0.0, 0.0, 0.0, 1.741801999484303E9, 0.0, 2025-03-12 12:53:19.484
58.0, -54794.78744206279, -43761.74286147867, -65373.39870612606, -66235.10315836706, -64337.01537096684, -55135.04804790593, -59095.5983514307, -49729.949203723576, -28481.710372175025, -48437.05724919525, -58400.83907852639, 2442667.6562628336, -54104.744387238556, -59113.83737490623, -48497.719883646954, -5678.304216659572, 0.024, 0.966, -0.216, 192.0, 0.0, 96.0, 15.0, 24.0, 124.5, 32.0, 0.0, 0.0, 0.0, 1.741801999484595E9, 0.0, 2025-03-12 12:53:19.484
60.0, -54795.65916009655, -43760.737032978184, -65371.387049125085, -66233.1809083439, -64339.675228557026, -55137.43968456265, -59099.331092754735, -49732.1396746802, -28494.562625236827, -48446.91436850004, -58414.45129089968, 2442535.6915635695, -54116.56846005541, -59126.46611052348, -48509.342790763716, -5693.011664511164, 0.024, 0.966, -0.216, 192.0, 0.0, 0.0, 0.0, 0.0, 0.0, 0.0, 0.0, 0.0, 0.0, 1.74180199954306E9, 0.0, 2025-03-12 12:53:19.543
62.0, -54803.59402937818, -43773.09754766197, -65382.20529344145, -66244.89322243849, -64348.66062982805, -55150.69426902464, -59110.05993009328, -49744.075506219335, -28487.678287944593, -48443.09222019818, -58407.70106407417, 2442421.429445914, -54110.19821288565, -59121.52637499886, -48506.16884305106, -5688.496612131192, 0.024, 0.966, -0.216, 192.0, 0.0, 0.0, 0.0, 0.0, 0.0, 0.0, 0.0, 0.0, 0.0, 1.741801999543405E9, 0.0, 2025-03-12 12:53:19.543
64.0, -54792.75343331736, -43759.77590796661, -65368.77189502381, -66229.00113213077, -64336.07659769972, -55136.456207806616, -59092.692624651514, -49728.36222986725, -28494.92025314811, -48450.02126097933, -58416.731168834114, 2442293.7562815854, -54119.72005602361, -59128.14249135763, -48511.33209602024, -5693.659865100368, 0.024, 0.966, -0.216, 192.0, 0.0, 0.0, 0.0, 0.0, 0.0, 0.0, 0.0, 0.0, 0.0, 1.741801999543709E9, 0.0, 2025-03-12 12:53:19.543
66.0, -54790.51825887183, -43757.13840212088, -65366.44731360046, -66225.22368731782, -64331.136862175095, -55133.371667071784, -59086.680005393035, -49727.60227055577, -28486.337183277272, -48438.77833351831, -58409.466851886136, 2442195.0509780706, -54110.37702684129, -59119.805290675795, -48501.09499705971, -5685.322664418539, 0.024, 0.966, -0.216, 192.0, 0.0, 0.0, 0.0, 0.0, 0.0, 0.0, 0.0, 0.0, 0.0, 1.74180199954401E9, 0.0, 2025-03-12 12:53:19.544
68.0, -54807.393825935585, -43775.37742559641, -65384.01578474233, -66243.35095207106, -64347.94537400549, -55147.72148701209, -59104.49434572391, -49748.27763417693, -28485.823093154802, -48436.006717205855, -58409.60096235287, 2442637.079076419, -54111.785186741974, -59116.63134296314, -48498.18927028051, -5680.584094594014, 0.022, 0.96, -0.216, 192.0, 0.0, 88.0, 15.0, 0.0, 124.5, 32.0, 0.0, 0.0, 0.0, 1.741801999544304E9, 0.0, 2025-03-12 12:53:19.544
70.0, -54801.738834588396, -43771.28705636109, -65383.25582543085, -66243.39565555999, -64351.9910397519, -55145.24044337755, -59108.204735303494, -49742.6896980631, -28496.931910149087, -48452.23408368041, -58421.26857295854, 2442652.099448693, -54122.31285838042, -59131.53995651483, -48512.60614545419, -5693.9727895227425, 0.022, 0.96, -0.216, 192.0, 0.0, 0.0, 0.0, 0.0, 0.0, 0.0, 0.0, 0.0, 0.0, 1.741801999544614E9, 0.0, 2025-03-12 12:53:19.544
72.0, -54799.45895665395, -43767.71077724824, -65378.584310839695, -66242.8815654375, -64348.77238855033, -55143.34054509885, -59102.907371867586, -49744.075506219335, -28499.05532587234, -48452.435249380505, -58427.23648872811, 2442531.4000286344, -54125.55386132644, -59135.65267749461, -48515.958907122484, -5695.448004656792, 0.022, 0.96, -0.216, 192.0, 0.0, 0.0, 0.0, 0.0, 0.0, 0.0, 0.0, 0.0, 0.0, 1.741801999544904E9, 0.0, 2025-03-12 12:53:19.544
74.0, -54806.27623871282, -43773.4328238288, -65383.14406670858, -66241.5851642591, -64349.97938275092, -55139.69721075264, -59099.48755496593, -49731.357363624265, -28484.951375121043, -48439.292423640785, -58413.02077925453, 2442432.1582832527, -54112.25457337553, -59121.72754069896, -48500.20092728149, -5679.93589400481, 0.022, 0.96, -0.216, 192.0, 0.0, 0.0, 0.0, 0.0, 0.0, 0.0, 0.0, 0.0, 0.0, 1.741801999545189E9, 0.0, 2025-03-12 12:53:19.545
76.0, -54829.65616341307, -43795.44929211728, -65402.47832566242, -66260.96412670185, -64366.094990503196, -55155.94692897164, -59118.68770345303, -49748.65761383267, -28514.12040163522, -48467.76854607684, -58442.256861002075, 2442283.563886114, -54138.204948688144, -59147.67791601157, -48524.586680482236, -5698.800766325088, 0.02, 0.963, -0.216, 192.0, 0.0, 72.0, 15.0, 24.0, 124.5, 32.0, 0.0, 0.0, 0.0, 1.741801999602794E9, 0.0, 2025-03-12 12:53:19.602
78.0, -54812.981762049414, -43777.4337860863, -65386.09449697668, -66246.0331614057, -64346.581917593714, -55141.95473694262, -59100.78395614433, -49740.09689570629, -28507.996023654465, -48462.51588612985, -58437.18301501072, 2442165.5466753896, -54130.71711429562, -59142.49231129794, -48519.199910068506, -5696.476184901737, 0.02, 0.963, -0.216, 192.0, 0.0, 0.0, 0.0, 0.0, 0.0, 0.0, 0.0, 0.0, 0.0, 1.741801999603148E9, 0.0, 2025-03-12 12:53:19.603
80.0, -54795.18977346299, -43768.627198770904, -65373.46576135943, -66235.81841418963, -64340.502243101866, -55127.068475135384, -59093.8996188521, -49726.663497288646, -28496.82015142681, -48448.88132201211, -58425.58245963842, 2442464.8812371353, -54116.255535633034, -59130.17650010306, -48506.7499884069, -5686.2837894301165, 0.02, 0.963, -0.216, 192.0, 0.0, 0.0, 0.0, 0.0, 0.0, 0.0, 0.0, 0.0, 0.0, 1.74180199960345E9, 0.0, 2025-03-12 12:53:19.603
82.0, -54815.75337836187, -43786.03920770159, -65391.54832262377, -66252.69398125338, -64360.39529566709, -55143.094675909844, -59114.016188861875, -49745.14838995319, -28501.670479973614, -48450.669461568534, -58423.32493344843, 2442671.4113559024, -54121.97758221359, -59134.624497249664, -48511.98029660944, -5685.769699307644, 0.02, 0.963, -0.216, 192.0, 0.0, 0.0, 0.0, 0.0, 0.0, 0.0, 0.0, 0.0, 0.0, 1.741801999603732E9, 0.0, 2025-03-12 12:53:19.603
84.0, -54810.053683525766, -43781.97119021072, -65387.14502896608, -66249.65414400747, -64352.371019407634, -55141.2171293756, -59102.03565383383, -49738.64403231669, -28508.39835505466, -48461.62181635163, -58430.05280852948, 2442544.2746334407, -54126.35852412684, -59140.301840341315, -48515.623630955655, -5690.307103432072, 0.02, 0.963, -0.216, 192.0, 0.0, 0.0, 0.0, 0.0, 0.0, 0.0, 0.0, 0.0, 0.0, 1.741801999604031E9, 0.0, 2025-03-12 12:53:19.604
86.0, -54799.347197931675, -43767.241390614676, -65373.21989217042, -66233.49383276628, -64335.942487232984, -55128.141358869245, -59088.80342111629, -49722.193148397586, -28495.657860715135, -48443.002813220366, -58417.04409325649, 2442445.032888059, -54116.34494261086, -59128.0083808909, -48504.6489244281, -5683.176896950829, 0.02, 0.9635, -0.215, 192.0, 0.0, 80.0, 15.0, 16.0, 124.5, 40.0, 0.0, 0.0, 0.0, 1.741801999604328E9, 0.0, 2025-03-12 12:53:19.604
88.0, -54835.8923001161, -43795.22577467273, -65404.95936929696, -66261.52292031323, -64363.859816057666, -55155.07521093789, -59119.13473834214, -49756.63718660321, -28505.291462575373, -48457.57615060522, -58427.90704106177, 2442325.406351734, -54126.24676540456, -59134.13275887165, -48516.02596235585, -5688.4519086422815, 0.02, 0.9635, -0.215, 192.0, 0.0, 0.0, 0.0, 0.0, 0.0, 0.0, 0.0, 0.0, 0.0, 1.741801999604641E9, 0.0, 2025-03-12 12:53:19.604
90.0, -54811.21597423744, -43781.635914043894, -65388.82140980023, -66248.60361201807, -64354.31562117525, -55142.69234450965, -59108.96469461497, -49743.717878308045, -28519.484820304493, -48469.71314784446, -58441.45219820168, 2442207.38914101, -54143.457608635144, -59150.27071836838, -48532.52154976387, -5705.774510595144, 0.02, 0.9635, -0.215, 192.0, 0.0, 0.0, 0.0, 0.0, 0.0, 0.0, 0.0, 0.0, 0.0, 1.741801999663105E9, 0.0, 2025-03-12 12:53:19.663
92.0, -54814.18875625, -43783.84873674497, -65389.760183067345, -66248.89418469598, -64353.95799326396, -55149.08494342386, -59108.36119751468, -49752.993852257, -28504.419744541618, -48457.73261281641, -58427.61646838385, 2442666.5833791, -54132.01351547403, -59136.18911936154, -48520.384552524636, -5691.894077288399, 0.02, 0.9635, -0.215, 192.0, 0.0, 0.0, 0.0, 0.0, 0.0, 0.0, 0.0, 0.0, 0.0, 1.741801999663479E9, 0.0, 2025-03-12 12:53:19.663
94.0, -54808.89139281409, -43779.892477976384, -65384.79809579827, -66245.42966430541, -64352.12515021863, -55149.2190538906, -59105.07549107975, -49755.69841333609, -28500.59759623976, -48450.06596446824, -58422.967305537146, 2442638.68840202, -54130.4265416177, -59132.94811641552, -48517.232956556436, -5694.017493011653, 0.02, 0.9635, -0.215, 192.0, 0.0, 0.0, 0.0, 0.0, 0.0, 0.0, 0.0, 0.0, 0.0, 1.741801999663761E9, 0.0, 2025-03-12 12:53:19.663
96.0, -54802.65525611106, -43775.064501174034, -65377.466723616926, -66234.81258568914, -64349.2864786728, -55131.9635071711, -59104.919028868564, -49725.121226921234, -28498.54123574987, -48450.84827552418, -58420.598020624886, 2442521.7440750296, -54129.398361372754, -59129.19302334703, -48515.8024449113, -5685.568533607547, 0.019000000000000003, 0.96575, -0.20750000000000002, 192.0, 0.0, 72.0, 15.0, 32.0, 124.5, 96.0, 0.0, 0.0, 0.0, 1.741801999664045E9, 0.0, 2025-03-12 12:53:19.664
98.0, -54797.46965139743, -43767.84488771497, -65370.761200280336, -66228.91172515294, -64339.92109774603, -55132.410542060206, -59097.40884273158, -49735.112456692754, -28496.59663398226, -48450.468295868435, -58417.37936942332, 2442404.2633061726, -54129.71128579513, -59128.075436124265, -48514.32722977725, -5685.412071396359, 0.019000000000000003, 0.96575, -0.20750000000000002, 192.0, 0.0, 0.0, 0.0, 0.0, 0.0, 0.0, 0.0, 0.0, 0.0, 1.741801999664363E9, 0.0, 2025-03-12 12:53:19.664
100.0, -54805.717445101436, -43770.30357960505, -65374.27042415982, -66228.28587630819, -64343.11739720314, -55129.30364958092, -59099.37579624365, -49728.27282288943, -28483.856139642736, -48438.17483641802, -58405.89057277329, 2442307.1673282585, -54115.71909376611, -59110.32815102675, -48500.245630770405, -5670.481106100215, 0.019000000000000003, 0.96575, -0.20750000000000002, 192.0, 0.0, 0.0, 0.0, 0.0, 0.0, 0.0, 0.0, 0.0, 0.0, 1.741801999664654E9, 0.0, 2025-03-12 12:53:19.664
102.0, -54794.04983449577, -43758.12187887691, -65364.2791943883, -66215.6794924354, -64335.22723141042, -55119.29006806494, -59088.31168273827, -49718.57216579583, -28491.50043624645, -48440.94645273047, -58411.25499144256, 2442228.846815687, -54124.70449503714, -59119.84999416471, -48507.197023296, -5674.638530568902, 0.019000000000000003, 0.96575, -0.20750000000000002, 192.0, 0.0, 0.0, 0.0, 0.0, 0.0, 0.0, 0.0, 0.0, 0.0, 1.74180199966494E9, 0.0, 2025-03-12 12:53:19.664
104.0, -54789.87005828263, -43760.1782393668, -65360.74761876436, -66216.23828604678, -64331.51684183084, -55119.91591690969, -59085.473011192444, -49716.71697100603, -28480.436322741072, -48429.01062119134, -58400.45909887065, 2442690.1868212447, -54110.533489052475, -59107.33301726974, -48496.669351657554, -5663.261492641151, 0.019000000000000003, 0.96575, -0.20750000000000002, 192.0, 0.0, 0.0, 0.0, 0.0, 0.0, 0.0, 0.0, 0.0, 0.0, 1.741801999665227E9, 0.0, 2025-03-12 12:53:19.665
106.0, -54791.658197839046, -43764.96151268024, -65364.189787410476, -66222.22855356081, -64336.97066747793, -55130.018905403485, -59091.41857521756, -49729.70333453457, -28480.21280529652, -48432.40808634855, -58395.58641857939, 2442630.641774016, -54109.5723640409, -59107.42242424756, -48494.18830802302, -5664.334376375005, 0.019500000000000003, 0.9688749999999999, -0.20475000000000002, 192.0, 0.0, 80.0, 15.0, 48.0, 124.5, 88.0, 0.0, 0.0, 0.0, 1.74180199972331E9, 0.0, 2025-03-12 12:53:19.723
108.0, -54796.977913019415, -43770.460041816244, -65367.36373512313, -66225.29074255118, -64338.49058610089, -55134.086922894356, -59098.1017468097, -49732.5867095693, -28487.052439099843, -48438.13013292911, -58402.85073552737, 2442497.604191018, -54113.7744919985, -59114.50792723989, -48501.51968020436, -5675.398489880382, 0.019500000000000003, 0.9688749999999999, -0.20475000000000002, 192.0, 0.0, 0.0, 0.0, 0.0, 0.0, 0.0, 0.0, 0.0, 0.0, 1.741801999723699E9, 0.0, 2025-03-12 12:53:19.723
110.0, -54781.17522968951, -43750.14230610637, -65346.420150568505, -66207.4764022203, -64325.79479525028, -55119.20066108712, -59090.390394972615, -49725.30004087687, -28483.83378789828, -48435.00088870536, -58395.87699125731, 2442384.4149570963, -54111.0699309194, -59108.472956236954, -48496.51288944637, -5675.353786391472, 0.019500000000000003, 0.9688749999999999, -0.20475000000000002, 192.0, 0.0, 0.0, 0.0, 0.0, 0.0, 0.0, 0.0, 0.0, 0.0, 1.741801999724013E9, 0.0, 2025-03-12 12:53:19.724
112.0, -54786.74081405888, -43764.20155336876, -65359.31710711922, -66221.15566982696, -64339.56346983475, -55143.98874568805, -59106.43894749152, -49748.7917242994, -28475.317773260806, -48425.6802112675, -58388.09858418687, 2442282.49100238, -54101.436329059165, -59103.30970326778, -48491.68491264402, -5677.611312581457, 0.019500000000000003, 0.9688749999999999, -0.20475000000000002, 192.0, 0.0, 0.0, 0.0, 0.0, 0.0, 0.0, 0.0, 0.0, 0.0, 1.741801999724296E9, 0.0, 2025-03-12 12:53:19.724
114.0, -54775.56494183123, -43751.170486351315, -65340.11695863211, -66204.95065509685, -64316.34000734568, -55126.37557105727, -59086.92587458204, -49722.01433444194, -28481.35274426374, -48431.22344389241, -58388.344453375874, 2442272.2986069084, -54103.93972443816, -59110.46226149348, -48492.95896207797, -5680.025300982631, 0.019500000000000003, 0.9688749999999999, -0.20475000000000002, 192.0, 0.0, 0.0, 0.0, 0.0, 0.0, 0.0, 0.0, 0.0, 0.0, 1.741801999724596E9, 0.0, 2025-03-12 12:53:19.724
116.0, -54798.18490722, -43780.943009965784, -65366.46966534492, -66230.632809476, -64338.87056575663, -55149.08494342386, -59111.758662671884, -49741.639166073706, -28485.06313384332, -48438.39835386257, -58390.95960747715, 2442703.5978679177, -54100.408148814226, -59112.07158709426, -48489.87442134314, -5679.086527715508, 0.019750000000000004, 0.9684375, -0.20337500000000003, 192.0, 0.0, 80.0, 15.0, 32.0, 124.5, 88.0, 0.0, 0.0, 0.0, 1.741801999724878E9, 0.0, 2025-03-12 12:53:19.724
118.0, -54809.964276547944, -43791.87301300443, -65376.50559860535, -66239.52880376921, -64346.62662108262, -55158.69619353965, -59116.31841854077, -49749.79755279989, -28504.330337563795, -48456.279749426816, -58406.47171812913, 2442586.653540928, -54115.227355388095, -59126.28729656784, -48503.93366860553, -5690.530620876625, 0.019750000000000004, 0.9684375, -0.20337500000000003, 192.0, 0.0, 0.0, 0.0, 0.0, 0.0, 0.0, 0.0, 0.0, 0.0, 1.74180199972519E9, 0.0, 2025-03-12 12:53:19.725
120.0, -54807.30441895776, -43787.603829813466, -65371.878787503105, -66233.76205369974, -64345.35257164867, -55151.32011786939, -59114.709092939986, -49739.806323028366, -28513.718070235023, -48460.34776691768, -58415.56887812244, 2442445.032888059, -54125.352695626345, -59133.573965260264, -48510.25921228638, -5699.650132614391, 0.019750000000000004, 0.9684375, -0.20337500000000003, 192.0, 0.0, 0.0, 0.0, 0.0, 0.0, 0.0, 0.0, 0.0, 0.0, 1.74180199978349E9, 0.0, 2025-03-12 12:53:19.783
122.0, -54824.023523810334, -43802.065408476046, -65387.122677221625, -66249.20710911836, -64360.283536944815, -55163.770039531, -59127.11431111268, -49752.05507898988, -28510.946453922566, -48462.20296170747, -58413.9372007772, 2442331.3072122703, -54125.5762130709, -59130.98116290345, -48509.02986634134, -5695.872687801443, 0.019750000000000004, 0.9684375, -0.20337500000000003, 192.0, 0.0, 0.0, 0.0, 0.0, 0.0, 0.0, 0.0, 0.0, 0.0, 1.741801999783828E9, 0.0, 2025-03-12 12:53:19.783
124.0, -54801.7835380773, -43779.60190529846, -65370.78355202479, -66232.89033566599, -64344.10087395917, -55144.972222444085, -59112.87624989465, -49743.159084696665, -28511.907578934144, -48460.68304308451, -58415.56887812244, 2442194.514536204, -54129.688934050675, -59133.37279956017, -48512.762607665376, -5702.958190793775, 0.019750000000000004, 0.9684375, -0.20337500000000003, 192.0, 0.0, 0.0, 0.0, 0.0, 0.0, 0.0, 0.0, 0.0, 0.0, 1.741801999784118E9, 0.0, 2025-03-12 12:53:19.784
126.0, -54795.167421718535, -43771.152945894355, -65361.596985053664, -66226.02835011821, -64331.628600553115, -55138.31140259641, -59102.192116045015, -49730.016258956945, -28492.461561258027, -48439.09125794069, -58398.53684884749, 2442470.7820976716, -54112.343980353355, -59117.48070925245, -48496.28937200182, -5688.407205153371, 0.018875000000000003, 0.96221875, -0.20168750000000002, 192.0, 0.0, 72.0, 14.5, 112.0, 124.5, 96.0, 0.0, 0.0, 0.0, 1.741801999784406E9, 0.0, 2025-03-12 12:53:19.784
128.0, -54810.56777364824, -43787.5367745801, -65375.41036312704, -66243.2838968377, -64351.85692928517, -55155.03050744897, -59116.34077028523, -49748.90348302168, -28503.816247441322, -48454.26809242584, -58412.41728215424, 2442695.014798047, -54123.58690781437, -59131.87523268166, -48508.22520354095, -5700.454795414781, 0.018875000000000003, 0.96221875, -0.20168750000000002, 192.0, 0.0, 0.0, 0.0, 0.0, 0.0, 0.0, 0.0, 0.0, 0.0, 1.741801999784725E9, 0.0, 2025-03-12 12:53:19.784
130.0, -54791.43468039449, -43768.358977837444, -65357.193691395965, -66222.38501577199, -64334.60138256567, -55134.645716505736, -59099.8004793883, -49722.193148397586, -28490.06992460131, -48447.45081036697, -58399.34151164789, 2442590.4086339963, -54114.176823398695, -59121.95105814351, -48499.86565111466, -5690.485917387715, 0.018875000000000003, 0.96221875, -0.20168750000000002, 192.0, 0.0, 0.0, 0.0, 0.0, 0.0, 0.0, 0.0, 0.0, 0.0, 1.741801999785028E9, 0.0, 2025-03-12 12:53:19.785
132.0, -54803.41521542254, -43781.792376255085, -65370.26946190232, -66237.40538804595, -64344.12322570363, -55154.11408592631, -59114.50792723989, -49750.08812547781, -28481.8221308973, -48435.96201371694, -58391.04901445497, 2442498.1406328846, -54105.3702360833, -59115.55845922929, -48490.85789809917, -5681.724033561234, 0.018875000000000003, 0.96221875, -0.20168750000000002, 192.0, 0.0, 0.0, 0.0, 0.0, 0.0, 0.0, 0.0, 0.0, 0.0, 1.741801999785323E9, 0.0, 2025-03-12 12:53:19.785
134.0, -54829.81262562426, -43808.50271087918, -65392.82237205772, -66259.6900772679, -64368.799551582284, -55173.358937902325, -59136.34558157273, -49759.83348606032, -28518.59075052628, -48473.44588916849, -58430.83511958541, 2442329.161444803, -54142.38472490129, -59153.10938991421, -48527.581814239245, -5719.27496424615, 0.018875000000000003, 0.96221875, -0.20168750000000002, 192.0, 0.0, 0.0, 0.0, 0.0, 0.0, 0.0, 0.0, 0.0, 0.0, 1.741801999785615E9, 0.0, 2025-03-12 12:53:19.785
136.0, -54797.670817097525, -43775.39977734086, -65362.35694436514, -66229.40346353095, -64336.724798288924, -55138.557271785416, -59103.95790385699, -49731.15619792417, -28503.056288129843, -48459.632511095115, -58413.04313099899, 2442213.8264434133, -54128.59369857237, -59138.401942062614, -48509.16397680807, -5699.091339003007, 0.0174375, 0.9631093749999999, -0.20384375000000002, 192.0, 0.0, 64.0, 15.0, 16.0, 124.5, 72.0, 0.0, 0.0, 0.0, 1.74180199984359E9, 0.0, 2025-03-12 12:53:19.843
138.0, -54814.68049462802, -43789.77194902563, -65376.974985238914, -66243.9320974269, -64348.30300191677, -55149.040239934955, -59108.94234287052, -49745.57307309784, -28491.612194968726, -48450.35653714616, -58406.60582859586, 2442482.0473768767, -54117.730750767085, -59128.58952624673, -48496.8481656132, -5687.289617930605, 0.0174375, 0.9631093749999999, -0.20384375000000002, 192.0, 0.0, 0.0, 0.0, 0.0, 0.0, 0.0, 0.0, 0.0, 0.0, 1.741801999843934E9, 0.0, 2025-03-12 12:53:19.843
140.0, -54811.64065738209, -43784.1840129118, -65372.61639507013, -66233.49383276628, -64341.70923730246, -55142.02179217599, -59105.99191260242, -49732.877282247224, -28500.55289275085, -48455.296272670785, -58415.79239556699, 2442663.9011697653, -54130.47124510661, -59134.13275887165, -48503.19606103851, -5690.485917387715, 0.0174375, 0.9631093749999999, -0.20384375000000002, 192.0, 0.0, 0.0, 0.0, 0.0, 0.0, 0.0, 0.0, 0.0, 0.0, 1.741801999844242E9, 0.0, 2025-03-12 12:53:19.844
142.0, -54815.8874888286, -43790.26368740365, -65377.73494455039, -66239.0817688801, -64350.582879851216, -55149.06259167941, -59114.06089235078, -49744.276671919426, -28502.855122429744, -48461.77827856282, -58423.68256135972, 2442543.2017497066, -54133.9804689861, -59135.94325017253, -48508.60518319669, -5691.402338910382, 0.0174375, 0.9631093749999999, -0.20384375000000002, 192.0, 0.0, 0.0, 0.0, 0.0, 0.0, 0.0, 0.0, 0.0, 0.0, 1.741801999844525E9, 0.0, 2025-03-12 12:53:19.844
144.0, -54806.70092185747, -43781.32298962152, -65369.017764212826, -66228.44233851938, -64341.485719857905, -55142.55823404292, -59106.59540970271, -49734.33014563682, -28494.048535114354, -48449.59657783468, -58412.529040876514, 2442430.012515785, -54129.3760096283, -59131.696418726024, -48502.57021219376, -5685.859106285466, 0.0174375, 0.9631093749999999, -0.20384375000000002, 192.0, 0.0, 0.0, 0.0, 0.0, 0.0, 0.0, 0.0, 0.0, 0.0, 1.741801999844817E9, 0.0, 2025-03-12 12:53:19.844
146.0, -54803.41521542254, -43782.2841146331, -65368.77189502381, -66230.632809476, -64340.68105705751, -55143.094675909844, -59104.76256665737, -49733.03374445841, -28490.11462809022, -48453.50813311436, -58414.764215322044, 2442313.6046306617, -54126.55968982693, -59128.2542500799, -48501.27381101535, -5681.2322951832175, 0.013718750000000002, 0.9635546875, -0.20292187500000003, 192.0, 0.0, 40.0, 15.0, 16.0, 124.5, 88.0, 0.0, 0.0, 0.0, 1.741801999845102E9, 0.0, 2025-03-12 12:53:19.845
