%OpenBCI Raw EXG Data
%Number of channels = 16
%Sample Rate = 125 Hz
%Board = OpenBCI_GUI$BoardCytonSerialDaisy
Sample Index, EXG Channel 0, EXG Channel 1, EXG Channel 2, EXG Channel 3, EXG Channel 4, EXG Channel 5, EXG Channel 6, EXG Channel 7, EXG Channel 8, EXG Channel 9, EXG Channel 10, EXG Channel 11, EXG Channel 12, EXG Channel 13, EXG Channel 14, EXG Channel 15, Accel Channel 0, Accel Channel 1, Accel Channel 2, Not Used, Digital Channel 0 (D11), Digital Channel 1 (D12), Digital Channel 2 (D13), Digital Channel 3 (D17), Not Used, Digital Channel 4 (D18), Analog Channel 0, Analog Channel 1, Analog Channel 2, Timestamp, Marker Channel, Timestamp (Formatted)
0.0, 8850.0391066121, 9596.855592352818, -20841.861765606616, -12882.718489494144, -18322.507241071136, 13334.87192808055, -38563.28589478563, 10706.999684214556, 0.0, 0.0, 0.0, 0.0, 0.0, 0.0, 0.0, 0.0, -0.07, 0.47400000000000003, -0.10300000000000001, 192.0, 125.5, 80.0, 14.5, 80.0, 124.5, 72.0, 0.0, 0.0, 0.0, 1.741715090038192E9, 0.0, 2025-03-11 12:44:50.038
100.0, 8847.111028088455, 9614.4687669836, -20849.282544765778, -12881.712660993655, -18314.751185745143, 13340.236346749825, -38557.116813315966, 10719.181384942698, 8855.470580514739, 9633.914784659719, -20843.068759807204, -12875.409469057258, -18302.703595483734, 13352.082771311138, -38543.77282187615, 10727.071550735422, -0.07, 0.47400000000000003, -0.10300000000000001, 192.0, 0.0, 0.0, 0.0, 0.0, 0.0, 0.0, 0.0, 0.0, 0.0, 1.741715090038557E9, 0.0, 2025-03-11 12:44:50.038
100.0, 8857.303423560075, 9608.634961680766, -20834.2174690029, -12875.431820801714, -18301.049566394042, 13341.957431072884, -38566.01280760918, 10708.296085392964, 8855.470580514739, 9633.914784659719, -20843.068759807204, -12875.409469057258, -18302.703595483734, 13352.082771311138, -38543.77282187615, 10727.071550735422, -0.07, 0.47400000000000003, -0.10300000000000001, 192.0, 0.0, 0.0, 0.0, 0.0, 0.0, 0.0, 0.0, 0.0, 0.0, 1.741715090038849E9, 0.0, 2025-03-11 12:44:50.038
100.0, 8844.048839098077, 9614.71463617261, -20848.27671626529, -12888.731108752621, -18310.034967665073, 13329.753378600286, -38556.2003917933, 10714.26400116253, 8855.470580514739, 9633.914784659719, -20843.068759807204, -12875.409469057258, -18302.703595483734, 13352.082771311138, -38543.77282187615, 10727.071550735422, -0.07, 0.47400000000000003, -0.10300000000000001, 192.0, 0.0, 0.0, 0.0, 0.0, 0.0, 0.0, 0.0, 0.0, 0.0, 1.741715090039135E9, 0.0, 2025-03-11 12:44:50.039
100.0, 8838.483254728706, 9605.729234901577, -20854.065818079212, -12889.401661086282, -18309.744394987156, 13345.198434018903, -38562.32476977405, 10720.097806465365, 8855.470580514739, 9633.914784659719, -20843.068759807204, -12875.409469057258, -18302.703595483734, 13352.082771311138, -38543.77282187615, 10727.071550735422, -0.07, 0.47400000000000003, -0.10300000000000001, 192.0, 0.0, 0.0, 0.0, 0.0, 0.0, 0.0, 0.0, 0.0, 0.0, 1.741715090039429E9, 0.0, 2025-03-11 12:44:50.039
100.0, 8860.030336383621, 9617.709769929621, -20830.283561978766, -12865.351184052372, -18293.5170285126, 13352.663916666976, -38554.814583637075, 10712.520565095016, 8855.470580514739, 9633.914784659719, -20843.068759807204, -12875.409469057258, -18302.703595483734, 13352.082771311138, -38543.77282187615, 10727.071550735422, -0.07, 0.47400000000000003, -0.10300000000000001, 192.0, 0.0, 0.0, 0.0, 0.0, 0.0, 0.0, 0.0, 0.0, 0.0, 1.741715090039699E9, 0.0, 2025-03-11 12:44:50.039
100.0, 8868.367537065451, 9620.257868797526, -20822.4157479305, -12859.271509560527, -18300.870752438397, 13363.035126094239, -38539.79421136311, 10729.17261471422, 8855.470580514739, 9633.914784659719, -20843.068759807204, -12875.409469057258, -18302.703595483734, 13352.082771311138, -38543.77282187615, 10727.071550735422, -0.07, 0.47400000000000003, -0.10300000000000001, 192.0, 0.0, 0.0, 0.0, 0.0, 0.0, 0.0, 0.0, 0.0, 0.0, 1.741715090039991E9, 0.0, 2025-03-11 12:44:50.039
126.0, 8844.65233619837, 9621.308400786926, -20849.1707860435, -12883.791373228, -18311.6219415214, 13337.68824788192, -38566.884525642934, 10714.331056395897, 8841.277222785619, 9620.839014153364, -20850.578945944184, -12883.746669739088, -18314.7735374896, 13339.051704293694, -38565.76693842017, 10716.610934330338, -0.07, 0.47400000000000003, -0.10300000000000001, 192.0, 0.0, 0.0, 0.0, 0.0, 0.0, 0.0, 0.0, 0.0, 0.0, 1.741715090040289E9, 0.0, 2025-03-11 12:44:50.040
126.0, 8852.520150246639, 9610.601915192832, -20837.54787892674, -12874.157771367762, -18300.28960708256, 13338.716428126863, -38559.709615672786, 10712.587620328382, 8841.277222785619, 9620.839014153364, -20850.578945944184, -12883.746669739088, -18314.7735374896, 13339.051704293694, -38565.76693842017, 10716.610934330338, -0.10700000000000001, 0.7160000000000001, -0.15550000000000003, 192.0, 125.5, 64.0, 14.5, 120.0, 124.5, 64.0, 0.0, 0.0, 0.0, 1.741715090040572E9, 0.0, 2025-03-11 12:44:50.040
132.0, 8852.274281057631, 9610.132528559272, -20839.291314994254, -12876.728221980122, -18317.76867124661, 13341.175120016947, -38557.22857203824, 10717.63911457528, 8844.115894331444, 9606.578601190879, -20845.259230763822, -12885.199533128683, -18314.885296211876, 13330.78155884523, -38561.47540348475, 10713.682855806692, -0.10700000000000001, 0.7160000000000001, -0.15550000000000003, 192.0, 0.0, 0.0, 0.0, 0.0, 0.0, 0.0, 0.0, 0.0, 0.0, 1.741715090040887E9, 0.0, 2025-03-11 12:44:50.040
166.0, 8858.42101078284, 9610.534859959467, -20833.345750969143, -12870.156809110262, -18295.886313424864, 13339.565794416165, -38550.545400446106, 10718.35437039785, 8841.254871041165, 9588.406632948712, -20841.794710373248, -12864.837093929898, -18328.63161905189, 13347.008925319782, -38565.856345397995, 10707.871402248313, -0.10700000000000001, 0.7160000000000001, -0.15550000000000003, 192.0, 0.0, 0.0, 0.0, 0.0, 0.0, 0.0, 0.0, 0.0, 0.0, 1.741715090041174E9, 0.0, 2025-03-11 12:44:50.041
150.0, 8846.999269366177, 9600.744795888042, -20846.533280197775, -12880.796239470988, -18298.68028148178, 13319.06924475065, -38555.95452260429, 10695.846163731358, 8848.072153100033, 9599.828374365376, -20845.03571331927, -12881.22092261564, -18315.28762761207, 13321.885564552018, -38552.26648476916, 10700.204753900141, -0.10700000000000001, 0.7160000000000001, -0.15550000000000003, 192.0, 0.0, 0.0, 0.0, 0.0, 0.0, 0.0, 0.0, 0.0, 0.0, 1.741715090041488E9, 0.0, 2025-03-11 12:44:50.041
158.0, 8847.423952510828, 9591.178249261171, -20844.901602852537, -12873.576626011924, -18297.85326693693, 13331.78738734572, -38562.66004594089, 10703.311646379429, 8842.931251875312, 9586.283217225458, -20855.45162623544, -12873.531922523014, -18322.842517237965, 13326.266506465257, -38581.39080779443, 10686.324320593396, -0.10700000000000001, 0.7160000000000001, -0.15550000000000003, 192.0, 0.0, 0.0, 0.0, 0.0, 0.0, 0.0, 0.0, 0.0, 0.0, 1.741715090041785E9, 0.0, 2025-03-11 12:44:50.041
158.0, 8858.197493338286, 9601.057720310417, -20833.03282654677, -12860.210282827651, -18300.51312452711, 13343.253832251292, -38549.47251671225, 10714.800443029457, 8842.931251875312, 9586.283217225458, -20855.45162623544, -12873.531922523014, -18322.842517237965, 13326.266506465257, -38581.39080779443, 10686.324320593396, -0.10700000000000001, 0.7160000000000001, -0.15550000000000003, 192.0, 0.0, 0.0, 0.0, 0.0, 0.0, 0.0, 0.0, 0.0, 0.0, 1.741715090042068E9, 0.0, 2025-03-11 12:44:50.042
156.0, 8842.663030941849, 9585.500906169524, -20841.32532373969, -12866.781695697511, -18308.693862997756, 13332.726160612841, -38569.03029311065, 10704.317474879917, 8860.253853828175, 9608.366740747302, -20839.961867327915, -12862.7360299511, -18294.880484924375, 13335.900108325495, -38571.86896465647, 10698.148393410254, -0.10700000000000001, 0.7160000000000001, -0.15550000000000003, 192.0, 0.0, 0.0, 0.0, 0.0, 0.0, 0.0, 0.0, 0.0, 0.0, 1.741715090042355E9, 0.0, 2025-03-11 12:44:50.042
174.0, 8866.288824831108, 9610.646618681743, -20829.34478871164, -12857.6845357042, -18291.684185467268, 13351.54632944421, -38539.12365902944, 10725.238707690085, 8850.642603712393, 9595.46978419659, -20845.147472041546, -12872.839018444898, -18310.705519998734, 13338.135282771025, -38557.69795867181, 10708.854879004346, -0.11950000000000001, 0.8340000000000001, -0.17675000000000002, 192.0, 125.5, 112.0, 14.5, 96.0, 124.5, 104.0, 0.0, 0.0, 0.0, 1.741715090042638E9, 0.0, 2025-03-11 12:44:50.042
174.0, 8846.239310054698, 9588.339577715347, -20843.202870273934, -12887.83703897441, -18291.214798833706, 13326.82530007664, -38558.90495287239, 10694.482707319583, 8850.642603712393, 9595.46978419659, -20845.147472041546, -12872.839018444898, -18310.705519998734, 13338.135282771025, -38557.69795867181, 10708.854879004346, -0.11950000000000001, 0.8340000000000001, -0.17675000000000002, 192.0, 62.75, 56.0, 7.25, 48.0, 62.25, 52.0, 0.0, 0.0, 0.0, 1.741715090042941E9, 0.0, 2025-03-11 12:44:50.042
174.0, 8849.390906022896, 9599.873077854285, -20844.923954596994, -12873.956605667665, -18300.75899371612, 13332.21207049037, -38559.128470316944, 10706.530297580994, 8850.642603712393, 9595.46978419659, -20845.147472041546, -12872.839018444898, -18310.705519998734, 13338.135282771025, -38557.69795867181, 10708.854879004346, -0.11950000000000001, 0.8340000000000001, -0.17675000000000002, 192.0, 31.375, 28.0, 3.625, 24.0, 31.125, 26.0, 0.0, 0.0, 0.0, 1.741715090043246E9, 0.0, 2025-03-11 12:44:50.043
202.0, 8837.41037099485, 9577.096650254327, -20842.711131895918, -12872.459038789159, -18308.112717641918, 13346.919518341962, -38563.598819208004, 10699.35538761084, 8830.302516258063, 9579.398879933224, -20850.73540815537, -12877.108201635863, -18314.438261322768, 13339.83401534963, -38578.641543226426, 10693.990968941567, -0.11950000000000001, 0.8340000000000001, -0.17675000000000002, 192.0, 0.0, 0.0, 0.0, 0.0, 0.0, 0.0, 0.0, 0.0, 0.0, 1.741715090043545E9, 0.0, 2025-03-11 12:44:50.043
202.0, 8833.811740137548, 9571.08403099585, -20851.40596048903, -12878.136381880806, -18311.979569432686, 13337.084750781627, -38579.31209556009, 10686.21256187112, 8830.302516258063, 9579.398879933224, -20850.73540815537, -12877.108201635863, -18314.438261322768, 13339.83401534963, -38578.641543226426, 10693.990968941567, -0.11950000000000001, 0.8340000000000001, -0.17675000000000002, 192.0, 0.0, 0.0, 0.0, 0.0, 0.0, 0.0, 0.0, 0.0, 0.0, 1.741715090043834E9, 0.0, 2025-03-11 12:44:50.043
202.0, 8840.897243129879, 9588.205467248616, -20855.719847168904, -12888.105259907874, -18305.76578447411, 13333.039085035216, -38577.92628740386, 10692.359291596329, 8830.302516258063, 9579.398879933224, -20850.73540815537, -12877.108201635863, -18314.438261322768, 13339.83401534963, -38578.641543226426, 10693.990968941567, -0.12575, 0.893, -0.186375, 192.0, 125.5, 112.0, 14.5, 96.0, 124.5, 112.0, 0.0, 0.0, 0.0, 1.741715090044116E9, 0.0, 2025-03-11 12:44:50.044
190.0, 8840.874891385423, 9581.142316000738, -20848.232012776378, -12871.699079477678, -18308.425642064292, 13341.778617117241, -38567.86800239897, 10694.54976255295, 8836.896280872379, 9575.509676398002, -20853.46232097892, -12896.285998378517, -18314.684130511778, 13316.565849371655, -38568.8067756661, 10685.542009537461, -0.12575, 0.893, -0.186375, 192.0, 0.0, 0.0, 0.0, 0.0, 0.0, 0.0, 0.0, 0.0, 0.0, 1.741715090044421E9, 0.0, 2025-03-11 12:44:50.044
210.0, 8838.818530895536, 9586.976121303573, -20846.93561159797, -12871.006175399563, -18318.19335439126, 13349.467617209866, -38566.52689773165, 10702.864611490324, 8838.058571584055, 9578.281292710459, -20850.80246338874, -12870.380326554816, -18292.734717456668, 13339.83401534963, -38566.39278726492, 10697.299027120951, -0.12575, 0.893, -0.186375, 192.0, 0.0, 0.0, 0.0, 0.0, 0.0, 0.0, 0.0, 0.0, 0.0, 1.74171509004471E9, 0.0, 2025-03-11 12:44:50.044
16.0, 8844.384115264907, 9593.6145894068, -20829.613009645105, -12869.732125965611, -18282.877598151874, 13353.334469000634, -38553.49583071421, 10719.628419831804, 8871.161505122365, 9636.753456205543, -20842.644076662553, -12873.353108567371, -18289.828990677477, 13358.318908014167, -38543.95163583179, 10724.635210589793, -0.12575, 0.893, -0.186375, 192.0, 0.0, 0.0, 0.0, 0.0, 0.0, 0.0, 0.0, 0.0, 0.0, 1.741715090045001E9, 0.0, 2025-03-11 12:44:50.045
14.0, 8836.158673305354, 9592.005263806017, -20848.433178476476, -12894.721376266645, -18318.90861021383, 13348.037105564727, -38563.50941223019, 10715.426291874206, 8858.599824738481, 9631.634906725278, -20851.74123665586, -12880.103335392874, -18313.320674100003, 13358.07303882516, -38550.00895857918, 10721.88594602179, -0.12575, 0.893, -0.186375, 192.0, 0.0, 0.0, 0.0, 0.0, 0.0, 0.0, 0.0, 0.0, 0.0, 1.741715090045288E9, 0.0, 2025-03-11 12:44:50.045
254.0, 8838.505606473162, 9597.727310386575, -20843.158166785022, -12884.528980795025, -18290.43248777777, 13345.064323552171, -38560.0001883507, 10716.789748285979, 8861.527903262127, 9630.360857291325, -20843.13581504057, -12887.16648664075, -18311.040796165562, 13351.009887577284, -38550.411289979376, 10721.595373343871, -0.136, 0.9500000000000001, -0.19, 192.0, 125.5, 96.0, 14.5, 88.0, 125.0, 8.0, 0.0, 0.0, 0.0, 1.741715090045565E9, 0.0, 2025-03-11 12:44:50.045
254.0, 8845.680516443315, 9605.32690350138, -20854.2222802904, -12894.07317567744, -18307.017482163606, 13327.652314621488, -38562.9506186188, 10695.823811986902, 8861.527903262127, 9630.360857291325, -20843.13581504057, -12887.16648664075, -18311.040796165562, 13351.009887577284, -38550.411289979376, 10721.595373343871, -0.136, 0.9500000000000001, -0.19, 192.0, 62.75, 48.0, 7.25, 44.0, 62.5, 4.0, 0.0, 0.0, 0.0, 1.741715090045872E9, 0.0, 2025-03-11 12:44:50.045
254.0, 8860.767943950646, 9624.594107221856, -20839.89481209455, -12872.794314955989, -18283.436391763258, 13347.5006636978, -38546.075051555046, 10710.330094138395, 8861.527903262127, 9630.360857291325, -20843.13581504057, -12887.16648664075, -18311.040796165562, 13351.009887577284, -38550.411289979376, 10721.595373343871, -0.136, 0.9500000000000001, -0.19, 192.0, 31.375, 24.0, 3.625, 22.0, 31.25, 2.0, 0.0, 0.0, 0.0, 1.741715090046157E9, 0.0, 2025-03-11 12:44:50.046
254.0, 8849.74853393418, 9614.245249539048, -20842.822890618194, -12899.83992574691, -18315.846421223454, 13343.812625862674, -38556.80388889359, 10716.633286074792, 8861.527903262127, 9630.360857291325, -20843.13581504057, -12887.16648664075, -18311.040796165562, 13351.009887577284, -38550.411289979376, 10721.595373343871, -0.136, 0.9500000000000001, -0.19, 192.0, 15.6875, 12.0, 1.8125, 11.0, 15.625, 1.0, 0.0, 0.0, 0.0, 1.741715090046446E9, 0.0, 2025-03-11 12:44:50.046
250.0, 8851.983708379712, 9614.669932683699, -20849.953097099435, -12879.656300503768, -18301.295435583048, 13342.225652006347, -38554.27814177014, 10702.21641090112, 8860.365612550451, 9627.991572379062, -20832.295218979743, -12885.98184418462, -18302.48007803918, 13357.916576613972, -38542.31995848656, 10729.79846355897, -0.136, 0.9500000000000001, -0.19, 192.0, 0.0, 0.0, 0.0, 0.0, 0.0, 0.0, 0.0, 0.0, 0.0, 1.741715090046765E9, 0.0, 2025-03-11 12:44:50.046
250.0, 8839.80200765157, 9607.18209829117, -20870.56140548723, -12890.966283198153, -18298.81439194851, 13336.704771125886, -38549.87484811245, 10703.199887657152, 8860.365612550451, 9627.991572379062, -20832.295218979743, -12885.98184418462, -18302.48007803918, 13357.916576613972, -38542.31995848656, 10729.79846355897, -0.136, 0.9500000000000001, -0.19, 192.0, 0.0, 0.0, 0.0, 0.0, 0.0, 0.0, 0.0, 0.0, 0.0, 1.741715090047052E9, 0.0, 2025-03-11 12:44:50.047
250.0, 8846.440475754795, 9613.552345460934, -20852.769416900806, -12881.176219126728, -18299.90962742682, 13344.483178196333, -38552.601760936, 10702.931666723689, 8860.365612550451, 9627.991572379062, -20832.295218979743, -12885.98184418462, -18302.48007803918, 13357.916576613972, -38542.31995848656, 10729.79846355897, -0.136, 0.9500000000000001, -0.19, 192.0, 0.0, 0.0, 0.0, 0.0, 0.0, 0.0, 0.0, 0.0, 0.0, 1.741715090047342E9, 0.0, 2025-03-11 12:44:50.047
2.0, 8851.13434209041, 9606.422138979691, -20851.18244304448, -12881.891474949298, -18314.192392133762, 13344.796102618708, -38555.61924643746, 10699.556553310938, 8851.246100812687, 9615.072264083894, -20854.08816982367, -12890.295730864495, -18308.13506938637, 13352.149826544504, -38549.137240545424, 10721.371855899317, -0.136, 0.9500000000000001, -0.19, 192.0, 0.0, 0.0, 0.0, 0.0, 0.0, 0.0, 0.0, 0.0, 0.0, 1.741715090047622E9, 0.0, 2025-03-11 12:44:50.047
88.0, 8851.9390048908, 9611.048950081939, -20842.711131895918, -12877.64464350279, -18312.04662466605, 13343.276183995747, -38557.027406338144, 10703.982198713089, 8864.433630041318, 9623.610630465822, -20832.250515490832, -12857.885701404299, -18290.074859866483, 13363.795085405718, -38538.74367937371, 10715.381588385295, -0.134, 0.9560000000000001, -0.196, 192.0, 125.5, 104.0, 14.5, 112.0, 124.5, 112.0, 0.0, 0.0, 0.0, 1.74171509004791E9, 0.0, 2025-03-11 12:44:50.047
88.0, 8849.167388578342, 9625.689342700165, -20857.642097192063, -12890.78746924251, -18302.122450127896, 13342.672686895454, -38555.574542948554, 10705.099785935854, 8864.433630041318, 9623.610630465822, -20832.250515490832, -12857.885701404299, -18290.074859866483, 13363.795085405718, -38538.74367937371, 10715.381588385295, -0.134, 0.9560000000000001, -0.196, 192.0, 62.75, 52.0, 7.25, 56.0, 62.25, 56.0, 0.0, 0.0, 0.0, 1.741715090048219E9, 0.0, 2025-03-11 12:44:50.048
66.0, 8854.934138647812, 9614.669932683699, -20850.69070466646, -12886.36182384036, -18316.673435768298, 13339.610497905076, -38556.35685400449, 10704.876268491302, 8859.60565323897, 9614.781691405975, -20845.750969141838, -12874.40364055677, -18286.498580753636, 13352.909785855984, -38546.65619691088, 10710.240687160574, -0.134, 0.9560000000000001, -0.196, 192.0, 0.0, 0.0, 0.0, 0.0, 0.0, 0.0, 0.0, 0.0, 0.0, 1.741715090048517E9, 0.0, 2025-03-11 12:44:50.048
82.0, 8856.27524331513, 9614.692284428154, -20845.482748208375, -12884.372518583838, -18311.018444421108, 13338.962297315873, -38548.35492948949, 10709.413672615729, 8864.590092252505, 9616.122796073294, -20835.424463203486, -12869.083925376408, -18293.651138979334, 13354.027373078748, -38539.52599042964, 10712.83348951739, -0.134, 0.9560000000000001, -0.196, 192.0, 0.0, 0.0, 0.0, 0.0, 0.0, 0.0, 0.0, 0.0, 0.0, 1.741715090048795E9, 0.0, 2025-03-11 12:44:50.048
82.0, 8860.589129995005, 9613.418234994202, -20850.198966288444, -12881.399736571282, -18305.363453073915, 13343.454997951389, -38551.81944988006, 10705.323303380406, 8864.590092252505, 9616.122796073294, -20835.424463203486, -12869.083925376408, -18293.651138979334, 13354.027373078748, -38539.52599042964, 10712.83348951739, -0.134, 0.9560000000000001, -0.196, 192.0, 0.0, 0.0, 0.0, 0.0, 0.0, 0.0, 0.0, 0.0, 0.0, 1.741715090049077E9, 0.0, 2025-03-11 12:44:50.049
82.0, 8841.523091974628, 9603.270543011493, -20841.92882083998, -12872.280224833516, -18317.478098568692, 13343.723218884852, -38551.931208602335, 10693.54393405246, 8864.590092252505, 9616.122796073294, -20835.424463203486, -12869.083925376408, -18293.651138979334, 13354.027373078748, -38539.52599042964, 10712.83348951739, -0.134, 0.9560000000000001, -0.196, 192.0, 0.0, 0.0, 0.0, 0.0, 0.0, 0.0, 0.0, 0.0, 0.0, 1.741715090049355E9, 0.0, 2025-03-11 12:44:50.049
72.0, 8856.834036926513, 9613.32882801638, -20833.144585269045, -12866.044088130486, -18301.362490816413, 13346.673649152954, -38544.37631897644, 10699.198925399653, 8850.754362434669, 9600.007188321017, -20852.814120389714, -12890.943931453698, -18309.364415331416, 13333.64258213551, -38557.00505459369, 10696.606123042837, -0.134, 0.9560000000000001, -0.196, 192.0, 0.0, 0.0, 0.0, 0.0, 0.0, 0.0, 0.0, 0.0, 0.0, 1.741715090049637E9, 0.0, 2025-03-11 12:44:50.049
102.0, 8852.430743268818, 9609.909011114718, -20850.444835477454, -12878.046974902985, -18291.214798833706, 13347.992402075817, -38552.86998186946, 10701.031768444987, 8829.40844647985, 9603.18113603367, -20850.243669777356, -12872.526094022525, -18322.82016549351, 13345.421951463457, -38551.88650511343, 10694.817983486413, -0.134, 0.9560000000000001, -0.196, 192.0, 0.0, 0.0, 0.0, 0.0, 0.0, 0.0, 0.0, 0.0, 0.0, 1.74171509004992E9, 0.0, 2025-03-11 12:44:50.049
102.0, 8853.03424036911, 9593.189906262149, -20847.717922653905, -12884.685443006212, -18322.7754620046, 13333.508471668778, -38556.60272319349, 10688.44773631665, 8829.40844647985, 9603.18113603367, -20850.243669777356, -12872.526094022525, -18322.82016549351, 13345.421951463457, -38551.88650511343, 10694.817983486413, -0.134, 0.9560000000000001, -0.196, 192.0, 0.0, 0.0, 0.0, 0.0, 0.0, 0.0, 0.0, 0.0, 0.0, 1.741715090050199E9, 0.0, 2025-03-11 12:44:50.050
142.0, 8840.69607742978, 9602.354121488825, -20848.90256511004, -12861.21611132814, -18325.323560872504, 13337.420026948455, -38586.06232238559, 10671.594520997349, 8829.855481368957, 9600.767147632498, -20852.16591980051, -12867.83222768691, -18311.756051988134, 13342.40446596199, -38558.234400538735, 10684.983215926077, -0.136, 0.9540000000000001, -0.198, 192.0, 0.0, 0.0, 0.0, 0.0, 0.0, 0.0, 0.0, 0.0, 0.0, 1.741715090050484E9, 0.0, 2025-03-11 12:44:50.050
140.0, 8821.652391153859, 9593.70399638462, -20844.476919707886, -12873.554274267468, -18315.33233110098, 13330.289820467213, -38576.24990656971, 10681.87632344679, 8837.74564716168, 9611.5183367155, -20836.050312048235, -12854.599994969369, -18317.969836946708, 13358.654184180998, -38549.58427543453, 10700.540030066972, -0.136, 0.9540000000000001, -0.198, 192.0, 0.0, 0.0, 0.0, 0.0, 0.0, 0.0, 0.0, 0.0, 0.0, 1.741715090050763E9, 0.0, 2025-03-11 12:44:50.050
160.0, 8845.613461209949, 9612.32299951589, -20827.2660764773, -12849.302631533461, -18314.393557833857, 13368.064268596681, -38554.61341793698, 10695.823811986902, 8831.598917436471, 9594.486307440557, -20842.107634795622, -12860.679669461211, -18317.969836946708, 13351.322811999657, -38559.262580783674, 10685.20673337063, -0.136, 0.9540000000000001, -0.198, 192.0, 0.0, 0.0, 0.0, 0.0, 0.0, 0.0, 0.0, 0.0, 0.0, 1.741715090051049E9, 0.0, 2025-03-11 12:44:50.051
220.0, 8816.466786440229, 9594.128679529273, -20841.906469095527, -12872.50374227807, -18323.311903871527, 13349.44526546541, -38557.07210982706, 10681.0716606464, 8831.643620925382, 9642.095523130361, -20846.443873219952, -12868.458076531659, -18320.42852883679, 13370.791181420229, -38537.69314738431, 10716.521527352515, -0.138, 0.9540000000000001, -0.194, 192.0, 0.0, 0.0, 0.0, 0.0, 0.0, 0.0, 0.0, 0.0, 0.0, 1.741715090051351E9, 0.0, 2025-03-11 12:44:50.051
220.0, 8826.815644123035, 9610.244287281548, -20839.805405116727, -12854.957622880653, -18306.43633680777, 13354.474407967855, -38548.86901961196, 10690.817021228913, 8831.643620925382, 9642.095523130361, -20846.443873219952, -12868.458076531659, -18320.42852883679, 13370.791181420229, -38537.69314738431, 10716.521527352515, -0.138, 0.9540000000000001, -0.194, 192.0, 0.0, 0.0, 0.0, 0.0, 0.0, 0.0, 0.0, 0.0, 0.0, 1.741715090051635E9, 0.0, 2025-03-11 12:44:50.051
44.0, 8817.114987029432, 9615.452243739635, -20871.857806665637, -12877.957567925165, -18355.118436231427, 13348.193567775914, -38551.5512289466, 10685.787878726469, 8819.148995774865, 9618.581487963378, -20869.354411286644, -12878.561065025457, -18337.34879938946, 13350.16052128798, -38547.48321145573, 10688.35832933883, -0.13, 0.9520000000000001, -0.192, 192.0, 0.0, 0.0, 0.0, 0.0, 0.0, 0.0, 0.0, 0.0, 0.0, 1.741715090051915E9, 0.0, 2025-03-11 12:44:50.051
46.0, 8832.22476628122, 9635.5241102605, -20856.010419846825, -12865.105314863362, -18341.595630835967, 13365.896149384518, -38537.737850873214, 10700.428271344696, 8832.828263381512, 9630.740836947065, -20858.93849837047, -12866.200550341673, -18347.697657072265, 13361.336393515634, -38537.69314738431, 10699.467146333116, -0.13, 0.9520000000000001, -0.192, 192.0, 0.0, 0.0, 0.0, 0.0, 0.0, 0.0, 0.0, 0.0, 0.0, 1.741715090052195E9, 0.0, 2025-03-11 12:44:50.052
122.0, 8822.099426042965, 9605.885697112763, -20852.635306434073, -12872.548445766979, -18359.141750233382, 13351.613384677576, -38546.410327721875, 10659.837503413857, 8824.111083043943, 9600.364816232302, -20851.428312233485, -12856.54459673698, -18330.464462097225, 13357.156617302493, -38538.05077529559, 10680.311701334918, -0.138, 0.9520000000000001, -0.196, 192.0, 0.0, 0.0, 0.0, 0.0, 0.0, 0.0, 0.0, 0.0, 0.0, 1.74171509005252E9, 0.0, 2025-03-11 12:44:50.052
40.0, 8837.052743083566, 9624.258831055025, -20838.151376027035, -12855.494064747581, -18341.796796536066, 13366.052611595704, -38525.82437107854, 10680.311701334918, 8834.281126771108, 9619.47555774159, -20840.74417838385, -12859.137399093795, -18347.474139627713, 13364.935024372939, -38528.14895250189, 10677.294215833452, -0.138, 0.9520000000000001, -0.196, 192.0, 0.0, 0.0, 0.0, 0.0, 0.0, 0.0, 0.0, 0.0, 0.0, 1.741715090052847E9, 0.0, 2025-03-11 12:44:50.052
44.0, 8831.934193603302, 9616.078092584383, -20848.433178476476, -12864.412410785248, -18360.438151411792, 13352.149826544504, -38539.66010089637, 10664.799590682935, 8820.244231253175, 9600.94596158814, -20858.647925692552, -12880.013928415052, -18377.40312545337, 13339.699904882897, -38550.14306904591, 10656.127113834276, -0.137, 0.9530000000000001, -0.198, 192.0, 125.5, 96.0, 14.5, 104.0, 124.5, 96.0, 0.0, 0.0, 0.0, 1.741715090053148E9, 0.0, 2025-03-11 12:44:50.053
124.0, 8823.440530710284, 9607.964409347107, -20854.915184368514, -12871.967300411141, -18342.959087247742, 13344.013791562771, -38543.415193964865, 10657.065887101398, 8825.429835966806, 9581.18701948965, -20855.630440191086, -12874.604806256868, -18379.92887257682, 13352.462750966877, -38562.01184535168, 10639.273898514975, -0.137, 0.9530000000000001, -0.198, 192.0, 0.0, 0.0, 0.0, 0.0, 0.0, 0.0, 0.0, 0.0, 0.0, 1.741715090053451E9, 0.0, 2025-03-11 12:44:50.053
226.0, 8841.143112318887, 9640.486197529579, -20849.75193139934, -12868.905111420765, -18365.7355148477, 13359.615309192575, -38529.2441879802, 10655.478913245071, 8839.958469862757, 9641.33556381888, -20850.288373266267, -12871.07323063293, -18344.635468081888, 13358.78829464773, -38531.524065914644, 10653.333145777362, -0.137, 0.9530000000000001, -0.198, 192.0, 0.0, 0.0, 0.0, 0.0, 0.0, 0.0, 0.0, 0.0, 0.0, 1.741715090053855E9, 0.0, 2025-03-11 12:44:50.053
228.0, 8829.251984268663, 9625.175252577694, -20859.18436755948, -12875.789448713, -18364.126189246916, 13352.529806200244, -38538.81073460707, 10648.236948041553, 8839.958469862757, 9636.842863183363, -20850.198966288444, -12868.54748350948, -18368.037744526595, 13360.196454548413, -38527.63486237942, 10656.10476208982, -0.137, 0.9530000000000001, -0.198, 192.0, 0.0, 0.0, 0.0, 0.0, 0.0, 0.0, 0.0, 0.0, 0.0, 1.741715090054151E9, 0.0, 2025-03-11 12:44:50.054
228.0, 8812.421120693818, 9573.095687996827, -20866.56044322973, -12895.324873366937, -18396.87149487394, 13317.437567405412, -38573.880621657445, 10616.586877892838, 8839.958469862757, 9636.842863183363, -20850.198966288444, -12868.54748350948, -18368.037744526595, 13360.196454548413, -38527.63486237942, 10656.10476208982, -0.137, 0.9530000000000001, -0.198, 192.0, 0.0, 0.0, 0.0, 0.0, 0.0, 0.0, 0.0, 0.0, 0.0, 1.741715090054453E9, 0.0, 2025-03-11 12:44:50.054
228.0, 8810.297704970564, 9599.247229009537, -20880.3291178142, -12888.194666885694, -18376.10672427496, 13336.570660659154, -38551.01478707967, 10633.641258912237, 8839.958469862757, 9636.842863183363, -20850.198966288444, -12868.54748350948, -18368.037744526595, 13360.196454548413, -38527.63486237942, 10656.10476208982, -0.137, 0.9530000000000001, -0.198, 192.0, 0.0, 0.0, 0.0, 0.0, 0.0, 0.0, 0.0, 0.0, 0.0, 1.741715090054742E9, 0.0, 2025-03-11 12:44:50.054
54.0, 8816.913821329335, 9581.388185189746, -20860.83839664917, -12885.803030228977, -18379.392430709893, 13347.12068404206, -38550.21012427928, 10639.787988637447, 8822.613516165438, 9574.526199641967, -20869.84614966466, -12893.603789043878, -18388.13196279192, 13330.692151867408, -38563.82233665256, 10619.29143897193, -0.137, 0.9530000000000001, -0.198, 192.0, 0.0, 0.0, 0.0, 0.0, 0.0, 0.0, 0.0, 0.0, 0.0, 1.741715090055022E9, 0.0, 2025-03-11 12:44:50.055
54.0, 8807.995475291667, 9586.618493392289, -20877.065763123723, -12877.97991966962, -18368.864759071443, 13342.583279917631, -38549.94190334582, 10642.000811338523, 8822.613516165438, 9574.526199641967, -20869.84614966466, -12893.603789043878, -18388.13196279192, 13330.692151867408, -38563.82233665256, 10619.29143897193, -0.137, 0.9530000000000001, -0.198, 192.0, 0.0, 0.0, 0.0, 0.0, 0.0, 0.0, 0.0, 0.0, 0.0, 1.741715090055306E9, 0.0, 2025-03-11 12:44:50.055
52.0, 8803.703940356248, 9566.457219893602, -20876.59637649016, -12901.963341470164, -18387.819038369544, 13325.68536110942, -38564.4034820084, 10617.592706393327, 8831.17423429182, 9579.980025289062, -20864.615841462117, -12888.485239563614, -18382.096991788985, 13331.563869901165, -38561.43069999584, 10622.063055284389, -0.137, 0.9530000000000001, -0.198, 192.0, 0.0, 0.0, 0.0, 0.0, 0.0, 0.0, 0.0, 0.0, 0.0, 1.741715090055585E9, 0.0, 2025-03-11 12:44:50.055
50.0, 8814.946867817267, 9580.650577622722, -20864.839358906673, -12889.513419808558, -18364.752038091665, 13342.963259573373, -38546.9467695888, 10632.568375178382, 8814.656295139348, 9567.306586182904, -20877.624556735107, -12904.153812426784, -18395.195114039794, 13316.16351797146, -38579.44620602682, 10607.065034754878, -0.137, 0.9530000000000001, -0.198, 192.0, 0.0, 0.0, 0.0, 0.0, 0.0, 0.0, 0.0, 0.0, 0.0, 1.741715090055859E9, 0.0, 2025-03-11 12:44:50.055
50.0, 8828.872004612924, 9583.444545679635, -20858.402056503543, -12889.289902364006, -18376.933738819807, 13336.816529848164, -38555.46278422628, 10626.421645453172, 8814.656295139348, 9567.306586182904, -20877.624556735107, -12904.153812426784, -18395.195114039794, 13316.16351797146, -38579.44620602682, 10607.065034754878, -0.137, 0.9530000000000001, -0.198, 192.0, 0.0, 0.0, 0.0, 0.0, 0.0, 0.0, 0.0, 0.0, 0.0, 1.7417150900693E9, 0.0, 2025-03-11 12:44:50.069
64.0, 8731.664267976794, 9527.699295008098, -20893.33783308719, -13001.719176974198, -18491.41937391989, 13229.461101229323, -38576.78634843664, 10395.215200807477, 8726.143387096332, 9523.251297861492, -20891.952024930957, -13003.395557808348, -18480.578777859067, 13223.604944182032, -38579.82618568256, 10389.604912949195, -0.1365, 0.9585, -0.223, 192.0, 125.5, 96.0, 15.0, 16.0, 124.0, 32.0, 0.0, 0.0, 0.0, 1.741715090213417E9, 0.0, 2025-03-11 12:44:50.213
132.0, 8797.31134144203, 9589.434813193657, -20898.0316994228, -12927.533737127034, -18437.708131993786, 13288.492058335789, -38520.72817334273, 10422.193756365032, 8796.037292008077, 9585.635016636255, -20897.696423255973, -12930.193594717217, -18450.247460633214, 13288.760279269252, -38520.683469853815, 10424.1607098771, -0.1365, 0.9585, -0.223, 192.0, 0.0, 0.0, 0.0, 0.0, 0.0, 0.0, 0.0, 0.0, 0.0, 1.741715090261441E9, 0.0, 2025-03-11 12:44:50.261
134.0, 8789.689396582771, 9578.951845044117, -20918.975283977426, -12943.671696623767, -18450.090998422027, 13272.376450583513, -38537.69314738431, 10407.285142813344, 8794.316207685019, 9587.669025381689, -20905.720699515427, -12933.36754242987, -18430.108538878983, 13280.57954079861, -38528.57363564654, 10415.06354988379, -0.12625, 0.94725, -0.21450000000000002, 192.0, 126.0, 48.0, 14.5, 32.0, 124.5, 72.0, 0.0, 0.0, 0.0, 1.741715090382565E9, 0.0, 2025-03-11 12:44:50.382
196.0, 8787.029538992589, 9596.430909208168, -20910.459269339954, -12924.158623714284, -18433.528355780647, 13286.212180401348, -38523.94682454429, 10410.302628314808, 8790.248190194154, 9603.963447089607, -20905.98892044889, -12918.995370745108, -18434.623591258955, 13291.934226981906, -38518.515350641654, 10416.44935804002, -0.12625, 0.94725, -0.21450000000000002, 192.0, 0.0, 0.0, 0.0, 0.0, 0.0, 0.0, 0.0, 0.0, 0.0, 1.741715090414658E9, 0.0, 2025-03-11 12:44:50.414
198.0, 8794.651483851849, 9605.461013968112, -20900.065708168237, -12910.054672962986, -18448.056989676596, 13299.712634052354, -38510.80399880457, 10423.713674987994, 8783.252094179643, 9592.474650439579, -20913.834382752702, -12924.471548136658, -18463.524396839668, 13285.832200745608, -38525.71261235626, 10409.63207598115, -0.12625, 0.94725, -0.21450000000000002, 192.0, 0.0, 0.0, 0.0, 0.0, 0.0, 0.0, 0.0, 0.0, 0.0, 1.741715090494759E9, 0.0, 2025-03-11 12:44:50.494
200.0, 8790.404652405341, 9605.505717457023, -20903.239655880887, -12918.637742833824, -18428.11923362246, 13283.127639666516, -38524.885597811415, 10408.782709691848, 8801.289951955076, 9614.915801872707, -20892.42141156452, -12904.042053704508, -18422.84422193101, 13302.48425036481, -38507.31712666954, 10426.284125600354, -0.12625, 0.94725, -0.21450000000000002, 192.0, 0.0, 0.0, 0.0, 0.0, 0.0, 0.0, 0.0, 0.0, 0.0, 1.741715090533822E9, 0.0, 2025-03-11 12:44:50.533
202.0, 8787.45422213724, 9599.761319132009, -20904.55840880375, -12922.37048415786, -18457.779998514652, 13279.037270431194, -38523.47743791073, 10407.799232935815, 8786.895428525857, 9602.28706625546, -20905.452478581963, -12922.012856246574, -18450.4039228444, 13280.49013382079, -38522.87394081044, 10408.223916080466, -0.12625, 0.94725, -0.21450000000000002, 192.0, 0.0, 0.0, 0.0, 0.0, 0.0, 0.0, 0.0, 0.0, 0.0, 1.741715090581884E9, 0.0, 2025-03-11 12:44:50.581
204.0, 8784.59319884696, 9597.973179575585, -20900.46803956843, -12917.497803866603, -18424.230030087238, 13275.282177362702, -38528.12660075744, 10401.943075888525, 8787.118945970411, 9598.308455742414, -20900.870370968627, -12918.302466666993, -18444.257193119192, 13278.411421586445, -38524.952653044784, 10406.860459668691, -0.12212500000000001, 0.951625, -0.20725000000000002, 192.0, 126.0, 40.0, 14.5, 112.0, 124.5, 96.0, 0.0, 0.0, 0.0, 1.741715090629005E9, 0.0, 2025-03-11 12:44:50.629
206.0, 8782.469783123706, 9589.94890331613, -20904.714871014938, -12922.884574280331, -18450.627440288954, 13274.566921540132, -38531.97110080375, 10399.462032253985, 8775.741908042659, 9585.99264454754, -20910.593379806684, -12928.003123760596, -18444.145434396916, 13267.682584247897, -38537.536685173116, 10392.242418794922, -0.12212500000000001, 0.951625, -0.20725000000000002, 192.0, 0.0, 0.0, 0.0, 0.0, 0.0, 0.0, 0.0, 0.0, 0.0, 1.74171509064501E9, 0.0, 2025-03-11 12:44:50.645
208.0, 8785.464916880717, 9588.116060270793, -20896.3329668442, -12922.012856246574, -18423.961809153774, 13281.987700699294, -38535.1450485164, 10403.77591893386, 8786.046062236555, 9594.799231862931, -20899.573969790217, -12920.93997251272, -18432.36606506897, 13277.472648319323, -38530.87586532544, 10402.814793922282, -0.12212500000000001, 0.951625, -0.20725000000000002, 192.0, 0.0, 0.0, 0.0, 0.0, 0.0, 0.0, 0.0, 0.0, 0.0, 1.741715090885364E9, 0.0, 2025-03-11 12:44:50.885
208.0, 8774.445506864251, 9558.678812823155, -20891.728507486405, -12941.123597755863, -18421.50311726369, 13291.174267670425, -38509.55230111507, 10429.011038423901, 8786.046062236555, 9594.799231862931, -20899.573969790217, -12920.93997251272, -18432.36606506897, 13277.472648319323, -38530.87586532544, 10402.814793922282, -0.12212500000000001, 0.951625, -0.20725000000000002, 192.0, 0.0, 0.0, 0.0, 0.0, 0.0, 0.0, 0.0, 0.0, 0.0, 1.741715090949464E9, 0.0, 2025-03-11 12:44:50.949
38.0, 8770.913931240313, 9552.107399953295, -20896.19885637747, -12928.159585971784, -18428.499213278203, 13307.736910311809, -38503.11499871195, 10438.912861217603, 8773.014995219111, 9553.672022065166, -20895.37184183262, -12936.362676186882, -18437.998704671707, 13299.131488696516, -38506.87009178044, 10435.224823382476, -0.122, 0.9480000000000001, -0.19, 192.0, 126.0, 24.0, 14.5, 80.0, 125.0, 8.0, 0.0, 0.0, 0.0, 1.741715090990518E9, 0.0, 2025-03-11 12:44:50.990
40.0, 8764.007242203623, 9527.520481052457, -20908.179391405512, -12944.029324535051, -18438.44573956081, 13287.173305412925, -38524.036231522114, 10409.363855047686, 8765.035422448567, 9546.74298128402, -20899.70808025695, -12927.220812704662, -18413.83646891552, 13306.954599255872, -38505.037248735105, 10436.789445494347, -0.122, 0.9480000000000001, -0.19, 192.0, 0.0, 0.0, 0.0, 0.0, 0.0, 0.0, 0.0, 0.0, 0.0, 1.741715091230901E9, 0.0, 2025-03-11 12:44:51.230
42.0, 8754.35128859893, 9524.100664150794, -20904.42429833702, -12945.437484435735, -18434.154204625393, 13296.002244472773, -38506.80303654707, 10434.598974537728, 8757.771105500593, 9534.427170089146, -20906.882990227103, -12939.804844833, -18432.5001755357, 13299.086785207604, -38507.898272025384, 10434.263698370898, -0.122, 0.9480000000000001, -0.19, 192.0, 0.0, 0.0, 0.0, 0.0, 0.0, 0.0, 0.0, 0.0, 0.0, 1.741715091615512E9, 0.0, 2025-03-11 12:44:51.615
150.0, 8770.444544606751, 9535.902385223197, -20900.982129690903, -12943.42582743476, -18429.147413867406, 13276.600930285565, -38518.24712970819, 10415.242363839432, 8773.126753941388, 9523.541870539411, -20893.51664704283, -12949.349039715415, -18444.056027419094, 13268.084915648094, -38536.128525272434, 10389.962540860479, -0.122, 0.9480000000000001, -0.19, 192.0, 0.0, 0.0, 0.0, 0.0, 0.0, 0.0, 0.0, 0.0, 0.0, 1.741715091631514E9, 0.0, 2025-03-11 12:44:51.631
240.0, 8779.944036000257, 9563.573844858867, -20878.339812557675, -12954.758161873599, -18421.324303308047, 13288.91674148044, -38500.63395507741, 10416.002323150913, 8739.77795121407, 9499.290227805404, -20916.985978720902, -12979.143915074339, -18435.808233715088, 13272.890540705985, -38518.33653668601, 10399.596142720717, -0.122, 0.9480000000000001, -0.19, 192.0, 0.0, 0.0, 0.0, 0.0, 0.0, 0.0, 0.0, 0.0, 0.0, 1.741715091711673E9, 0.0, 2025-03-11 12:44:51.711
238.0, 8755.155951399322, 9534.941260211619, -20897.629368022608, -12979.009804607607, -18446.760588498186, 13272.868188961529, -38526.40551643437, 10399.350273531709, 8741.499035537128, 9507.672131976144, -20920.42814736702, -12979.300377285526, -18460.953946227306, 13263.368697568023, -38523.700955355285, 10396.958636874991, -0.136, 0.9520000000000001, -0.2, 192.0, 125.5, 96.0, 14.5, 96.0, 124.5, 96.0, 0.0, 0.0, 0.0, 1.741715092170491E9, 0.0, 2025-03-11 12:44:52.170
238.0, 8778.602931332938, 9540.350382369803, -20884.66535623853, -12945.146911757818, -18439.40686457239, 13263.726325479309, -38524.97500478924, 10390.186058305033, 8741.499035537128, 9507.672131976144, -20920.42814736702, -12979.300377285526, -18460.953946227306, 13263.368697568023, -38523.700955355285, 10396.958636874991, -0.136, 0.9520000000000001, -0.2, 192.0, 62.75, 48.0, 7.25, 48.0, 62.25, 48.0, 0.0, 0.0, 0.0, 1.741715092170913E9, 0.0, 2025-03-11 12:44:52.170
238.0, 8777.507695854629, 9512.7459779675, -20874.718829955917, -12959.630842164855, -18436.769358726666, 13245.375543281501, -38525.75731584517, 10358.893616067602, 8741.499035537128, 9507.672131976144, -20920.42814736702, -12979.300377285526, -18460.953946227306, 13263.368697568023, -38523.700955355285, 10396.958636874991, -0.136, 0.9520000000000001, -0.2, 192.0, 31.375, 24.0, 3.625, 24.0, 31.125, 24.0, 0.0, 0.0, 0.0, 1.741715092234454E9, 0.0, 2025-03-11 12:44:52.234
86.0, 8795.433794907785, 9530.69442876511, -20864.660544951028, -12950.868958338377, -18457.13179792545, 13256.394953297968, -38514.33557442851, 10370.561226673273, 8798.630094364893, 9555.616623832777, -20867.18629207448, -12931.065312750974, -18455.4554170913, 13258.428962043401, -38529.557112402574, 10367.81196210527, -0.136, 0.9520000000000001, -0.2, 192.0, 0.0, 0.0, 0.0, 0.0, 0.0, 0.0, 0.0, 0.0, 0.0, 1.741715092330679E9, 0.0, 2025-03-11 12:44:52.330
86.0, 8791.008149505633, 9526.671114763156, -20872.75187644385, -12954.556996173502, -18447.051161176107, 13253.24335732977, -38525.82437107854, 10361.844046335704, 8798.630094364893, 9555.616623832777, -20867.18629207448, -12931.065312750974, -18455.4554170913, 13258.428962043401, -38529.557112402574, 10367.81196210527, -0.136, 0.9520000000000001, -0.2, 192.0, 0.0, 0.0, 0.0, 0.0, 0.0, 0.0, 0.0, 0.0, 0.0, 1.741715092603081E9, 0.0, 2025-03-11 12:44:52.603
32.0, 8790.628169849893, 9502.754748195977, -20867.298050796755, -12951.763028116588, -18456.863576991986, 13271.191808127382, -38508.52412087013, 10331.37861864312, 8780.324015655997, 9493.903457391674, -20877.51279801283, -12964.950557345219, -18447.56525129858, 13258.920700421419, -38521.28696695411, 10315.531231824307, -0.136, 0.9520000000000001, -0.2, 192.0, 0.0, 0.0, 0.0, 0.0, 0.0, 0.0, 0.0, 0.0, 0.0, 1.741715094702396E9, 0.0, 2025-03-11 12:44:54.702
32.0, 8789.890562282868, 9507.4933180205, -20876.484617767885, -12983.681319198766, -18466.452475363312, 13250.807017184141, -38506.71362956925, 10316.76057776935, 8780.324015655997, 9493.903457391674, -20877.51279801283, -12964.950557345219, -18447.56525129858, 13258.920700421419, -38521.28696695411, 10315.531231824307, -0.136, 0.9520000000000001, -0.2, 192.0, 0.0, 0.0, 0.0, 0.0, 0.0, 0.0, 0.0, 0.0, 0.0, 1.74171509505496E9, 0.0, 2025-03-11 12:44:55.054
200.0, 8813.248135238664, 9553.180283687148, -20866.80631241874, -12974.22653129417, -18448.839300732532, 13270.320090093624, -38488.116978182436, 10331.959763998957, 8797.467803653217, 9514.534117523923, -20870.360239787133, -12976.28289178406, -18473.85090277802, 13257.557244009644, -38500.05280972157, 10325.701275551472, -0.136, 0.9520000000000001, -0.2, 192.0, 0.0, 0.0, 0.0, 0.0, 0.0, 0.0, 0.0, 0.0, 0.0, 1.74171509523122E9, 0.0, 2025-03-11 12:44:55.231
76.0, 8801.379358932896, 9541.982059715041, -20880.262062580834, -12981.803772664522, -18464.93255674035, 13266.140313880482, -38491.35798112846, 10332.295040165787, 8808.509565414139, 9549.671059807666, -20871.768399687815, -12975.14295281684, -18447.252326876205, 13270.297738349169, -38488.16168167134, 10333.211461688456, -0.136, 0.9520000000000001, -0.2, 192.0, 0.0, 0.0, 0.0, 0.0, 0.0, 0.0, 0.0, 0.0, 0.0, 1.741715097619075E9, 0.0, 2025-03-11 12:44:57.619
76.0, 8815.729178873204, 9537.399952101703, -20853.350562256644, -12977.311072029004, -18464.820798018074, 13263.614566757033, -38488.85458574946, 10287.099812877157, 8808.509565414139, 9549.671059807666, -20871.768399687815, -12975.14295281684, -18447.252326876205, 13270.297738349169, -38488.16168167134, 10333.211461688456, -0.136, 0.9520000000000001, -0.2, 192.0, 0.0, 0.0, 0.0, 0.0, 0.0, 0.0, 0.0, 0.0, 0.0, 1.741715098035853E9, 0.0, 2025-03-11 12:44:58.035
112.0, 8844.562929220549, 9582.438717179146, -20827.55664915522, -12966.381068990358, -18460.21633866028, 13269.67188950442, -38474.77298674262, 10289.692615233973, 8823.217013265732, 9545.826559761354, -20812.98331177036, -12969.666775425289, -18452.013248445182, 13241.888671146473, -38479.35509435595, 10269.710155690927, -0.156, 0.9480000000000001, -0.214, 192.0, 125.5, 16.0, 14.5, 80.0, 124.5, 40.0, 0.0, 0.0, 0.0, 1.741715099427884E9, 0.0, 2025-03-11 12:44:59.427
112.0, 8832.9847255927, 9595.156859774215, -20844.74514064135, -12989.068089612496, -18475.6613940789, 13263.05577314565, -38472.42605357481, 10287.189219854978, 8823.217013265732, 9545.826559761354, -20812.98331177036, -12969.666775425289, -18452.013248445182, 13241.888671146473, -38479.35509435595, 10269.710155690927, -0.156, 0.9480000000000001, -0.214, 192.0, 62.75, 8.0, 7.25, 40.0, 62.25, 20.0, 0.0, 0.0, 0.0, 1.741715099491981E9, 0.0, 2025-03-11 12:44:59.491
108.0, 8850.37438277893, 9592.5640574174, -20832.809309102217, -12973.555978960512, -18474.18617894485, 13263.391049312479, -38467.10633839445, 10279.276702317798, 8834.526995960117, 9593.6145894068, -20844.253402263334, -12987.637577967356, -18491.575836131076, 13265.492113291279, -38471.196707629766, 10290.027891400801, -0.151, 0.9500000000000001, -0.21100000000000002, 192.0, 125.5, 56.0, 14.5, 96.0, 124.5, 64.0, 0.0, 0.0, 0.0, 1.741715100774146E9, 0.0, 2025-03-11 12:45:00.774
108.0, 8846.015792610144, 9580.89644681173, -20839.067797549702, -12972.99718534913, -18482.098696482026, 13241.62045021301, -38484.71951302523, 10241.59166116615, 8834.526995960117, 9593.6145894068, -20844.253402263334, -12987.637577967356, -18491.575836131076, 13265.492113291279, -38471.196707629766, 10290.027891400801, -0.151, 0.9500000000000001, -0.21100000000000002, 192.0, 62.75, 28.0, 7.25, 48.0, 62.25, 32.0, 0.0, 0.0, 0.0, 1.741715100950407E9, 0.0, 2025-03-11 12:45:00.950
