%OpenBCI Raw EXG Data
%Number of channels = 16
%Sample Rate = 125 Hz
%Board = OpenBCI_GUI$BoardCytonSerialDaisy
Sample Index, EXG Channel 0, EXG Channel 1, EXG Channel 2, EXG Channel 3, EXG Channel 4, EXG Channel 5, EXG Channel 6, EXG Channel 7, EXG Channel 8, EXG Channel 9, EXG Channel 10, EXG Channel 11, EXG Channel 12, EXG Channel 13, EXG Channel 14, EXG Channel 15, Accel Channel 0, Accel Channel 1, Accel Channel 2, Not Used, Digital Channel 0 (D11), Digital Channel 1 (D12), Digital Channel 2 (D13), Digital Channel 3 (D17), Not Used, Digital Channel 4 (D18), Analog Channel 0, Analog Channel 1, Analog Channel 2, Timestamp, Marker Channel, Timestamp (Formatted)
0.0, 15502.611160589597, 13477.297243749768, -10845.334630648451, -5162.78358254237, 15918.018331291478, 17316.343464415488, -28350.23741128891, 12965.509350956601, 0.0, 0.0, 0.0, 0.0, 0.0, 0.0, 0.0, 0.0, 0.0, 0.0, 0.0, 192.0, 0.0, 0.0, 0.0, 0.0, 0.0, 0.0, 0.0, 0.0, 0.0, 1.741716460837847E9, 0.0, 2025-03-11 13:07:40.837
60.0, 15493.73751804084, 13466.14372326657, -10845.021706226076, -5164.884646521169, 15975.618776752804, 17306.91102825535, -28372.52210051085, 12943.537586157036, 36074.75442585402, 9069.08620227411, 1658.499438583784, 46216.232623604854, -16095.267664822062, 14.752151340502662, 68951.75653120954, 41575.83166072746, 0.0, 0.0, 0.0, 192.0, 0.0, 0.0, 0.0, 0.0, 0.0, 0.0, 0.0, 0.0, 0.0, 1.741716460838548E9, 0.0, 2025-03-11 13:07:40.838
90.0, 15486.026166203757, 13469.608243657141, -10851.391953395838, -5168.125649467189, 15979.463276799117, 17318.310417927554, -28361.592097472203, 12953.7076298842, 36071.15579499672, 9062.60419638207, 1650.9221972134349, 46215.539719526736, -16105.23654284913, 0.8270145448463613, 68977.50574082205, 41527.86481712638, -0.14400000000000002, 0.9480000000000001, -0.17, 192.0, 0.0, 0.0, 0.0, 0.0, 0.0, 0.0, 0.0, 0.0, 0.0, 1.741716460839294E9, 0.0, 2025-03-11 13:07:40.839
86.0, 15498.856067521105, 13498.084366093204, -10857.71749707669, -5160.995442985945, 15914.9561423011, 17311.627246335418, -28364.073141106743, 12943.17995824575, 36069.23354497356, 9064.951129549878, 1653.2691303812421, 46216.0091061603, -16112.389101074828, 1.050531989399432, 68979.85267398985, 41560.45366054221, -0.14400000000000002, 0.9480000000000001, -0.17, 192.0, 0.0, 0.0, 0.0, 0.0, 0.0, 0.0, 0.0, 0.0, 0.0, 1.741716460840087E9, 0.0, 2025-03-11 13:07:40.840
92.0, 15493.73751804084, 13496.206819558958, -10853.023630741076, -5159.900207507635, 15947.34382001684, 17309.2356096787, -28370.331629554228, 12937.077932009452, 36079.78356835646, 9075.277635488228, 1659.4605635953621, 46223.854568464114, -16097.435784034227, 6.124377980754135, 68900.10164977332, 41538.12426783136, -0.14400000000000002, 0.9480000000000001, -0.17, 192.0, 0.0, 0.0, 0.0, 0.0, 0.0, 0.0, 0.0, 0.0, 0.0, 1.741716460840867E9, 0.0, 2025-03-11 13:07:40.840
94.0, 15484.461544091886, 13495.737432925396, -10859.550340122027, -5164.616425587706, 15924.209764505598, 17300.272560152123, -28380.971059914955, 12931.55705112899, 36069.121786251286, 9061.732478348313, 1643.3002523541752, 46212.589289258634, -16109.908057440289, -2.2575261899860135, 68981.68551703519, 41530.09999157191, -0.14200000000000002, 0.9560000000000001, -0.18, 192.0, 125.5, 72.0, 14.5, 112.0, 125.0, 48.0, 0.0, 0.0, 0.0, 1.741716460841611E9, 0.0, 2025-03-11 13:07:40.841
96.0, 15498.096108209624, 13513.283552322811, -10835.745732277124, -5144.6116143002055, 15945.510976971505, 17320.836165051005, -28359.111053837667, 12953.37235371737, 36083.00221955803, 9074.741193621301, 1653.7161652703483, 46221.23941436284, -16097.413432289772, 2.7492645680027685, 68911.25517025653, 41548.093145858424, -0.14200000000000002, 0.9560000000000001, -0.18, 192.0, 0.0, 0.0, 0.0, 0.0, 0.0, 0.0, 0.0, 0.0, 0.0, 1.741716460842449E9, 0.0, 2025-03-11 13:07:40.842
98.0, 15484.77446851426, 13500.565409727742, -10850.989621995643, -5174.920579781602, 15971.461352284117, 17301.636016563894, -28366.688295208016, 12950.556033916002, 36077.66015263321, 9067.946263306889, 1646.0718686666332, 46219.36186782859, -16105.102432382399, 5.319715180363081, 68983.31719438043, 41549.098974358916, -0.14200000000000002, 0.9560000000000001, -0.18, 192.0, 0.0, 0.0, 0.0, 0.0, 0.0, 0.0, 0.0, 0.0, 0.0, 1.741716460842999E9, 0.0, 2025-03-11 13:07:40.842
98.0, 15499.571323343675, 13502.711177195451, -10850.654345828814, -5183.213076974521, 15899.1534589712, 17315.404691148364, -28359.535736982318, 12963.832970122454, 36077.66015263321, 9067.946263306889, 1646.0718686666332, 46219.36186782859, -16105.102432382399, 5.319715180363081, 68983.31719438043, 41549.098974358916, -0.14200000000000002, 0.9560000000000001, -0.18, 192.0, 0.0, 0.0, 0.0, 0.0, 0.0, 0.0, 0.0, 0.0, 0.0, 1.741716460843501E9, 0.0, 2025-03-11 13:07:40.843
98.0, 15492.329358140154, 13509.751976698873, -10840.931336990756, -5159.296710407342, 15918.19714524712, 17315.1364702149, -28358.731074181924, 12964.458818967203, 36077.66015263321, 9067.946263306889, 1646.0718686666332, 46219.36186782859, -16105.102432382399, 5.319715180363081, 68983.31719438043, 41549.098974358916, -0.14200000000000002, 0.9560000000000001, -0.18, 192.0, 0.0, 0.0, 0.0, 0.0, 0.0, 0.0, 0.0, 0.0, 0.0, 1.741716460843993E9, 0.0, 2025-03-11 13:07:40.843
98.0, 15488.998948216315, 13496.497392236877, -10856.57755810947, -5188.890420066169, 15972.757753462525, 17306.843973021983, -28366.800053930292, 12953.484112439646, 36077.66015263321, 9067.946263306889, 1646.0718686666332, 46219.36186782859, -16105.102432382399, 5.319715180363081, 68983.31719438043, 41549.098974358916, -0.14200000000000002, 0.9560000000000001, -0.18, 192.0, 0.0, 0.0, 0.0, 0.0, 0.0, 0.0, 0.0, 0.0, 0.0, 1.741716460844492E9, 0.0, 2025-03-11 13:07:40.844
98.0, 15490.787087772738, 13510.489584265899, -10843.52413934757, -5155.407506872119, 15939.610116435304, 17319.115080727945, -28361.100359094187, 12963.028307322063, 36077.66015263321, 9067.946263306889, 1646.0718686666332, 46219.36186782859, -16105.102432382399, 5.319715180363081, 68983.31719438043, 41549.098974358916, -0.14200000000000002, 0.9560000000000001, -0.18, 192.0, 0.0, 0.0, 0.0, 0.0, 0.0, 0.0, 0.0, 0.0, 0.0, 1.741716460844994E9, 0.0, 2025-03-11 13:07:40.844
108.0, 15504.265189679289, 13514.982284901416, -10839.679639301257, -5171.523114624395, 15911.402214932707, 17316.164650459847, -28353.299600279286, 12964.99526083413, 36082.532832924466, 9069.376774952028, 1645.5801302886166, 46200.20642283039, -16098.083984623432, -2.168119212164785, 68957.523281279, 41547.199076080215, -0.14200000000000002, 0.9560000000000001, -0.18, 192.0, 0.0, 0.0, 0.0, 0.0, 0.0, 0.0, 0.0, 0.0, 0.0, 1.741716460845503E9, 0.0, 2025-03-11 13:07:40.845
0.0, 7756.032974247096, 6687.530182305597, -5478.144345062297, -2667.993625163272, 7911.578763911577, 8654.796618794993, -14053.838140229958, 6391.1907543171355, 18044.09391213583, 4535.928909293283, 826.1651785570597, 23106.33934811823, -8045.152788776492, 7.577241370349094, 34505.43844764691, 20774.24773862931, -0.148, 0.962, -0.18, 192.0, 125.5, 48.0, 15.0, 8.0, 125.0, 48.0, 0.0, 0.0, 0.0, 1.741716461062427E9, 0.0, 2025-03-11 13:07:41.062
2.0, 15533.79184410475, 13395.445155554433, -10938.943736427276, -5314.484872160539, 15729.25784936641, 17328.636923865906, -28090.26427152923, 12800.95580827663, 36039.058689958896, 9145.484464822348, 1758.4787915323725, 46370.50436383538, -16063.41642897325, 139.98897552358812, 70340.85039387351, 41262.86253486425, -0.148, 0.962, -0.18, 192.0, 0.0, 0.0, 0.0, 0.0, 0.0, 0.0, 0.0, 0.0, 0.0, 1.741716461205619E9, 0.0, 2025-03-11 13:07:41.205
4.0, 15528.78505334676, 13385.588036249643, -10939.45782654975, -5315.736569850036, 15813.948609107569, 17328.77103433264, -28094.08641983109, 12798.653578597734, 36047.35118715181, 9157.867331250589, 1771.755727738825, 46388.58692509973, -16044.37274269733, 156.283397231507, 70269.52597731662, 41278.91108738317, -0.148, 0.962, -0.18, 192.0, 0.0, 0.0, 0.0, 0.0, 0.0, 0.0, 0.0, 0.0, 0.0, 1.741716461234693E9, 0.0, 2025-03-11 13:07:41.234
6.0, 15530.148509758534, 13392.517077030789, -10939.279012594106, -5316.854157072801, 15748.457997853518, 17329.486290155208, -28092.186521552387, 12799.547648375947, 36040.62331207077, 9151.608842803102, 1770.1240503935876, 46384.51890760886, -16052.665239890248, 147.1191820048311, 70343.44319623032, 41278.50875598297, -0.148, 0.962, -0.18, 192.0, 0.0, 0.0, 0.0, 0.0, 0.0, 0.0, 0.0, 0.0, 0.0, 1.741716461289816E9, 0.0, 2025-03-11 13:07:41.289
8.0, 15525.633457378563, 13384.090469371138, -10942.788236473589, -5323.962011809589, 15813.501574218462, 17324.792423819592, -28101.976585623812, 12794.563209362414, 36044.04312897243, 9150.938290469443, 1776.0696144186993, 46392.72199782396, -16047.501986921072, 147.96854829413275, 70271.38117210641, 41277.9946658605, -0.148, 0.9480000000000001, -0.188, 192.0, 125.5, 48.0, 14.5, 80.0, 125.0, 16.0, 0.0, 0.0, 0.0, 1.741716461290364E9, 0.0, 2025-03-11 13:07:41.290
10.0, 15530.863765581104, 13383.93400715995, -10948.756152243157, -5326.15248276621, 15746.155768174622, 17324.61360986395, -28103.027117613212, 12794.853782040333, 36035.191838168124, 9141.707020009402, 1767.911227692512, 46383.602486086194, -16060.868330105344, 137.88791154478926, 70360.02819061615, 41273.300799524884, -0.148, 0.9480000000000001, -0.188, 192.0, 0.0, 0.0, 0.0, 0.0, 0.0, 0.0, 0.0, 0.0, 0.0, 1.741716461369845E9, 0.0, 2025-03-11 13:07:41.369
12.0, 15531.98135280387, 13379.26249256879, -10943.101160895963, -5320.966878052578, 15805.142021792177, 17328.32399944353, -28099.27202454472, 12796.44075589666, 36043.305521405404, 9142.712848509891, 1778.0589196752214, 46395.31480018077, -16049.044257288488, 143.3864406807948, 70277.99728846518, 41281.86151765126, -0.148, 0.9480000000000001, -0.188, 192.0, 0.0, 0.0, 0.0, 0.0, 0.0, 0.0, 0.0, 0.0, 0.0, 1.741716461529095E9, 0.0, 2025-03-11 13:07:41.529
14.0, 15513.496460139331, 13400.27313235678, -10945.537501041592, -5266.607435537271, 15733.079997668267, 17345.914822329858, -28098.89204488898, 12809.404767680737, 36034.94596897912, 9138.622479274569, 1774.7732132402914, 46387.33522741023, -16051.435893945205, 139.251367956563, 70348.71820792177, 41276.81002340437, -0.148, 0.9480000000000001, -0.188, 192.0, 0.0, 0.0, 0.0, 0.0, 0.0, 0.0, 0.0, 0.0, 0.0, 1.741716461558072E9, 0.0, 2025-03-11 13:07:41.558
110.0, 15518.97263753088, 13371.21586456488, -10954.03116393461, -5319.245793729519, 15796.335434476787, 17325.753548831173, -28108.682108960405, 12787.611816836814, 36016.01404142547, 9138.488368807837, 1726.4263899834623, 46412.704457367, -16092.8983799098, 128.4331236401944, 70425.00471174774, 41300.03348589343, -0.148, 0.9480000000000001, -0.188, 192.0, 0.0, 0.0, 0.0, 0.0, 0.0, 0.0, 0.0, 0.0, 0.0, 1.741716461574171E9, 0.0, 2025-03-11 13:07:41.574
106.0, 15521.677198609972, 13378.413126279489, -10952.131265655908, -5305.387712167229, 15769.625099852694, 17333.531955901617, -28105.70932694785, 12795.971369263098, 36030.20739915459, 9152.480560836859, 1743.8831024030571, 46430.6082046757, -16075.106391323376, 140.05603075695404, 70408.91145573992, 41330.92359673067, -0.14400000000000002, 0.9420000000000001, -0.194, 192.0, 0.0, 0.0, 0.0, 0.0, 0.0, 0.0, 0.0, 0.0, 0.0, 1.74171646163829E9, 0.0, 2025-03-11 13:07:41.638
120.0, 15508.02028274778, 13431.945554249949, -10954.768771501635, -5227.603641462761, 15761.824341037793, 17346.42891245233, -28105.441106014387, 12808.130718246784, 36025.44647758561, 9158.783752773255, 1731.8802156305571, 46419.18646325904, -16076.291033779507, 146.00159478206572, 70323.68425413183, 41301.955735916585, -0.14400000000000002, 0.9420000000000001, -0.194, 192.0, 0.0, 0.0, 0.0, 0.0, 0.0, 0.0, 0.0, 0.0, 0.0, 1.741716461906674E9, 0.0, 2025-03-11 13:07:41.906
130.0, 15501.91825651148, 13368.108972085593, -10967.755135030167, -5242.825179436824, 15820.140042321687, 17357.314212002064, -28104.70349844736, 12845.100503575863, 36031.12382067726, 9155.207473660406, 1738.496331989328, 46423.36623947218, -16064.981051085122, 155.41167919775, 70403.54703707065, 41303.96739291756, -0.139, 0.9500000000000001, -0.186, 192.0, 125.5, 104.0, 14.5, 120.0, 125.0, 56.0, 0.0, 0.0, 0.0, 1.741716461957774E9, 0.0, 2025-03-11 13:07:41.957
4.0, 15508.534372870252, 13405.659902770509, -10958.277995381117, -5214.103187811755, 15763.768942805404, 17342.450301939287, -28130.206838870865, 12832.985858081087, 36009.10735238878, 9158.180255672964, 1773.722681250892, 46446.165018816595, -16069.183179042719, 160.84315310038963, 70475.74317166128, 41380.85739384382, -0.139, 0.9500000000000001, -0.186, 192.0, 0.0, 0.0, 0.0, 0.0, 0.0, 0.0, 0.0, 0.0, 0.0, 1.741716462163129E9, 0.0, 2025-03-11 13:07:42.163
6.0, 15494.341015141132, 13389.83486769615, -10967.442210607793, -5227.134254829199, 15807.779527637904, 17329.419234921843, -28140.578048298128, 12814.63507588328, 36000.47957902904, 9150.580662558159, 1762.7479747233363, 46440.04064083584, -16077.408621002272, 152.37184195182826, 70407.68210979487, 41366.50757390351, -0.139, 0.9500000000000001, -0.186, 192.0, 0.0, 0.0, 0.0, 0.0, 0.0, 0.0, 0.0, 0.0, 0.0, 1.741716462211284E9, 0.0, 2025-03-11 13:07:42.211
8.0, 15514.07760549517, 13412.544240062743, -10953.852349978966, -5207.911754597635, 15762.74076256046, 17347.792368864106, -28126.764670224748, 12831.577698180403, 35996.72448596054, 9151.072400936175, 1760.3339863221631, 46436.35260300071, -16082.37070827135, 154.85288558636734, 70497.55847424966, 41360.539658133945, -0.139, 0.9500000000000001, -0.186, 192.0, 0.0, 0.0, 0.0, 0.0, 0.0, 0.0, 0.0, 0.0, 0.0, 1.741716462323542E9, 0.0, 2025-03-11 13:07:42.323
10.0, 15500.979483244359, 13394.707547987407, -10961.563701816047, -5215.846623879269, 15811.17699279511, 17338.38228444842, -28135.146574395487, 12825.050988799452, 36014.76234373598, 9170.898398268033, 1779.0647481757103, 46454.01048112041, -16066.053934818976, 168.2862840040069, 70388.63842351895, 41386.557088679925, -0.1345, 0.9530000000000001, -0.184, 192.0, 125.5, 120.0, 14.5, 112.0, 125.0, 40.0, 0.0, 0.0, 0.0, 1.74171646245169E9, 0.0, 2025-03-11 13:07:42.451
12.0, 15488.864837749583, 13385.83390543865, -10969.45386760877, -5226.195481562077, 15789.473448929008, 17328.256944210167, -28140.265123875753, 12816.91495381772, 35988.78961667891, 9138.600127530113, 1751.4379920289507, 46427.925995341066, -16088.450382763194, 146.8062575824568, 70485.13090433252, 41361.54548663444, -0.1345, 0.9530000000000001, -0.184, 192.0, 0.0, 0.0, 0.0, 0.0, 0.0, 0.0, 0.0, 0.0, 0.0, 1.741716462547788E9, 0.0, 2025-03-11 13:07:42.547
12.0, 15490.362404628087, 13452.151531237547, -10959.55204481507, -5274.251732140986, 15831.673542460627, 17307.42511837782, -28152.96091472637, 12801.224029210094, 35988.78961667891, 9138.600127530113, 1751.4379920289507, 46427.925995341066, -16088.450382763194, 146.8062575824568, 70485.13090433252, 41361.54548663444, -0.14525, 0.9565, -0.192, 192.0, 125.5, 16.0, 15.0, 0.0, 124.5, 96.0, 0.0, 0.0, 0.0, 1.741716462627956E9, 0.0, 2025-03-11 13:07:42.627
12.0, 15493.156372685002, 13394.864010198595, -10953.472370323227, -5213.432635478096, 15792.379175708196, 17335.320095458042, -28124.216571356843, 12826.615610911324, 35988.78961667891, 9138.600127530113, 1751.4379920289507, 46427.925995341066, -16088.450382763194, 146.8062575824568, 70485.13090433252, 41361.54548663444, -0.14525, 0.9565, -0.192, 192.0, 62.75, 8.0, 7.5, 0.0, 62.25, 48.0, 0.0, 0.0, 0.0, 1.74171646266002E9, 0.0, 2025-03-11 13:07:42.660
12.0, 15511.149526971523, 13331.809739090175, -10980.56268460306, -5286.47813635804, 15772.12849523169, 17312.744833558183, -28135.884181962512, 12818.166651507217, 35988.78961667891, 9138.600127530113, 1751.4379920289507, 46427.925995341066, -16088.450382763194, 146.8062575824568, 70485.13090433252, 41361.54548663444, -0.14525, 0.9565, -0.192, 192.0, 31.375, 4.0, 3.75, 0.0, 31.125, 24.0, 0.0, 0.0, 0.0, 1.741716462676039E9, 0.0, 2025-03-11 13:07:42.676
12.0, 15486.339090626132, 13389.700757229419, -10959.015602948142, -5215.041961078878, 15798.03416705539, 17336.52708965863, -28121.579065511116, 12830.05777955744, 35988.78961667891, 9138.600127530113, 1751.4379920289507, 46427.925995341066, -16088.450382763194, 146.8062575824568, 70485.13090433252, 41361.54548663444, -0.14525, 0.9565, -0.192, 192.0, 15.6875, 2.0, 1.875, 0.0, 15.5625, 12.0, 0.0, 0.0, 0.0, 1.741716462884434E9, 0.0, 2025-03-11 13:07:42.884
12.0, 15487.54608482672, 13454.409057427534, -10954.947585457276, -5277.246865897998, 15813.590981196283, 17295.936321727793, -28160.94048749691, 12784.43786912416, 35988.78961667891, 9138.600127530113, 1751.4379920289507, 46427.925995341066, -16088.450382763194, 146.8062575824568, 70485.13090433252, 41361.54548663444, -0.14525, 0.9565, -0.192, 192.0, 7.84375, 1.0, 0.9375, 0.0, 7.78125, 6.0, 0.0, 0.0, 0.0, 1.741716462900451E9, 0.0, 2025-03-11 13:07:42.900
12.0, 15437.992267369304, 13377.921387901473, -10979.802725291578, -5253.75518247547, 15802.325701990809, 17297.94797872877, -28171.49051087982, 12779.319319643893, 35988.78961667891, 9138.600127530113, 1751.4379920289507, 46427.925995341066, -16088.450382763194, 146.8062575824568, 70485.13090433252, 41361.54548663444, -0.14525, 0.9565, -0.192, 192.0, 3.921875, 0.5, 0.46875, 0.0, 3.890625, 3.0, 0.0, 0.0, 0.0, 1.741716462932548E9, 0.0, 2025-03-11 13:07:42.932
12.0, 15513.585867117152, 13358.698887669909, -10969.11859144194, -5270.675453028137, 15818.597771954272, 17307.51452535564, -28272.319230117708, 12813.830413082887, 35988.78961667891, 9138.600127530113, 1751.4379920289507, 46427.925995341066, -16088.450382763194, 146.8062575824568, 70485.13090433252, 41361.54548663444, -0.14525, 0.9565, -0.192, 192.0, 1.9609375, 0.25, 0.234375, 0.0, 1.9453125, 1.5, 0.0, 0.0, 0.0, 1.741716462973538E9, 0.0, 2025-03-11 13:07:42.973
12.0, 15489.378927872054, 13462.701554620453, -10945.291631852584, -5265.892179714701, 15717.63494224965, 17301.077222952514, -28152.737397281817, 12790.092860471352, 35988.78961667891, 9138.600127530113, 1751.4379920289507, 46427.925995341066, -16088.450382763194, 146.8062575824568, 70485.13090433252, 41361.54548663444, -0.14525, 0.9565, -0.192, 192.0, 0.98046875, 0.125, 0.1171875, 0.0, 0.97265625, 0.75, 0.0, 0.0, 0.0, 1.741716462974129E9, 0.0, 2025-03-11 13:07:42.974
12.0, 15453.996116399303, 13395.98159742136, -10966.905768740866, -5238.913624157146, 15750.268489154398, 17310.062624223545, -28157.833595017626, 12795.256113440528, 35988.78961667891, 9138.600127530113, 1751.4379920289507, 46427.925995341066, -16088.450382763194, 146.8062575824568, 70485.13090433252, 41361.54548663444, -0.14525, 0.9565, -0.192, 192.0, 0.490234375, 0.0625, 0.05859375, 0.0, 0.486328125, 0.375, 0.0, 0.0, 0.0, 1.74171646297465E9, 0.0, 2025-03-11 13:07:42.974
12.0, 15517.005684018814, 13367.036088351739, -10968.470390852737, -5269.356700105274, 15754.425913623085, 17313.370682402932, -28266.731294003883, 12819.194831752162, 35988.78961667891, 9138.600127530113, 1751.4379920289507, 46427.925995341066, -16088.450382763194, 146.8062575824568, 70485.13090433252, 41361.54548663444, -0.14525, 0.9565, -0.192, 192.0, 0.2451171875, 0.03125, 0.029296875, 0.0, 0.2431640625, 0.1875, 0.0, 0.0, 0.0, 1.741716462989562E9, 0.0, 2025-03-11 13:07:42.989
12.0, 15514.815213062193, 13358.229501036347, -10968.9397774863, -5271.502467572984, 15839.362542553252, 17310.062624223545, -28273.816796996212, 12813.763357849522, 35988.78961667891, 9138.600127530113, 1751.4379920289507, 46427.925995341066, -16088.450382763194, 146.8062575824568, 70485.13090433252, 41361.54548663444, -0.14525, 0.9565, -0.192, 192.0, 0.12255859375, 0.015625, 0.0146484375, 0.0, 0.12158203125, 0.09375, 0.0, 0.0, 0.0, 1.74171646300557E9, 0.0, 2025-03-11 13:07:43.005
12.0, 15521.587791632151, 13358.609480692086, -10957.875663980922, -5266.1156971592545, 15774.900111544146, 17310.75552830166, -28259.869308456102, 12819.35129396335, 35988.78961667891, 9138.600127530113, 1751.4379920289507, 46427.925995341066, -16088.450382763194, 146.8062575824568, 70485.13090433252, 41361.54548663444, -0.14525, 0.9565, -0.192, 192.0, 0.061279296875, 0.0078125, 0.00732421875, 0.0, 0.060791015625, 0.046875, 0.0, 0.0, 0.0, 1.741716463021622E9, 0.0, 2025-03-11 13:07:43.021
12.0, 15524.717035855894, 13355.524939957255, -10957.585091303003, -5266.495676814995, 15814.88738237469, 17316.14229871539, -28213.422383477973, 12823.329904476393, 35988.78961667891, 9138.600127530113, 1751.4379920289507, 46427.925995341066, -16088.450382763194, 146.8062575824568, 70485.13090433252, 41361.54548663444, -0.144625, 0.95825, -0.19, 192.0, 125.5306396484375, 64.00390625, 15.003662109375, 0.0, 125.0303955078125, 16.0234375, 0.0, 0.0, 0.0, 1.741716463053613E9, 0.0, 2025-03-11 13:07:43.053
12.0, 15522.97359978838, 13370.321794786669, -10965.966995473742, -5264.662833769659, 15751.095503699245, 17322.57960111852, -28262.05977941272, 12825.050988799452, 35988.78961667891, 9138.600127530113, 1751.4379920289507, 46427.925995341066, -16088.450382763194, 146.8062575824568, 70485.13090433252, 41361.54548663444, -0.144625, 0.95825, -0.19, 192.0, 62.76531982421875, 32.001953125, 7.5018310546875, 0.0, 62.51519775390625, 8.01171875, 0.0, 0.0, 0.0, 1.741716463141715E9, 0.0, 2025-03-11 13:07:43.141
12.0, 15504.198134445924, 13355.167312045969, -10982.373175903938, -5283.974740979045, 15777.917597045613, 17313.415385891843, -28133.649007516982, 12819.463052685625, 35988.78961667891, 9138.600127530113, 1751.4379920289507, 46427.925995341066, -16088.450382763194, 146.8062575824568, 70485.13090433252, 41361.54548663444, -0.144625, 0.95825, -0.19, 192.0, 31.382659912109375, 16.0009765625, 3.75091552734375, 0.0, 31.257598876953125, 4.005859375, 0.0, 0.0, 0.0, 1.74171646314233E9, 0.0, 2025-03-11 13:07:43.142
212.0, 15515.30695144021, 13364.26447203928, -10964.044745450587, -5264.461668069562, 15745.64167805215, 17321.596124362484, -28262.26094511282, 12825.050988799452, 35998.445570283606, 9139.427142074961, 1762.591512512149, 46413.71028586749, -16070.904263365777, 140.30189994596242, 70544.96652423937, 41339.12668694576, -0.144625, 0.95825, -0.19, 192.0, 0.0, 0.0, 0.0, 0.0, 0.0, 0.0, 0.0, 0.0, 0.0, 1.741716463166743E9, 0.0, 2025-03-11 13:07:43.166
210.0, 15520.1125764981, 13364.711506928386, -10955.036992435098, -5260.058374411867, 15750.939041488058, 17318.355121416465, -28260.919840445502, 12822.301724231449, 36007.16275062117, 9147.339659612138, 1773.6332742730708, 46421.71221038249, -16057.783789370513, 142.64883311376968, 70468.65766866895, 41344.15582944821, -0.154, 0.9500000000000001, -0.188, 192.0, 125.5, 24.0, 14.5, 88.0, 125.0, 16.0, 0.0, 0.0, 0.0, 1.741716463294963E9, 0.0, 2025-03-11 13:07:43.294
228.0, 15520.269038709288, 13333.3967129465, -10976.919350256843, -5282.208953167075, 15744.792311762849, 17313.415385891843, -28129.84921095958, 12823.262849243029, 35999.42904703964, 9140.790598486734, 1767.7100619924145, 46422.248652249415, -16069.384344742817, 143.6546616142585, 70528.53799206472, 41324.59805304981, -0.154, 0.9500000000000001, -0.188, 192.0, 0.0, 0.0, 0.0, 0.0, 0.0, 0.0, 0.0, 0.0, 0.0, 1.741716463375096E9, 0.0, 2025-03-11 13:07:43.375
206.0, 15517.944457285937, 13461.695726119964, -10960.446114593282, -5257.622034266238, 15825.012722612944, 17321.90904878486, -28265.479596314384, 12819.708921874633, 35995.45043652659, 9136.633174018047, 1763.3291200791741, 46413.39736144512, -16061.158902783263, 137.26206270004067, 70479.45356124087, 41334.119896187774, -0.154, 0.9500000000000001, -0.188, 192.0, 0.0, 0.0, 0.0, 0.0, 0.0, 0.0, 0.0, 0.0, 0.0, 1.741716463503305E9, 0.0, 2025-03-11 13:07:43.503
206.0, 15520.269038709288, 13469.18356051249, -10954.947585457276, -5248.927205673123, 15769.69215508606, 17325.99941802018, -28261.344523590153, 12823.933401576687, 35995.45043652659, 9136.633174018047, 1763.3291200791741, 46413.39736144512, -16061.158902783263, 137.26206270004067, 70479.45356124087, 41334.119896187774, -0.154, 0.9500000000000001, -0.188, 192.0, 0.0, 0.0, 0.0, 0.0, 0.0, 0.0, 0.0, 0.0, 0.0, 1.741716463662569E9, 0.0, 2025-03-11 13:07:43.662
206.0, 15524.270000966788, 13390.818344452186, -10962.725992527723, -5246.0438306383885, 15800.381100223196, 17315.672912081827, -28181.660554606984, 12818.881907329787, 35995.45043652659, 9136.633174018047, 1763.3291200791741, 46413.39736144512, -16061.158902783263, 137.26206270004067, 70479.45356124087, 41334.119896187774, -0.154, 0.9500000000000001, -0.188, 192.0, 0.0, 0.0, 0.0, 0.0, 0.0, 0.0, 0.0, 0.0, 0.0, 1.741716463663125E9, 0.0, 2025-03-11 13:07:43.663
206.0, 15512.557686872207, 13464.199121498958, -10955.014640690642, -5248.435467295107, 15831.60648722726, 17317.528106871618, -28264.58552653617, 12818.390168951772, 35995.45043652659, 9136.633174018047, 1763.3291200791741, 46413.39736144512, -16061.158902783263, 137.26206270004067, 70479.45356124087, 41334.119896187774, -0.154, 0.9500000000000001, -0.188, 192.0, 0.0, 0.0, 0.0, 0.0, 0.0, 0.0, 0.0, 0.0, 0.0, 1.74171646367858E9, 0.0, 2025-03-11 13:07:43.678
206.0, 15520.917239298493, 13474.816200115229, -10947.347992342471, -5234.733847944003, 15771.569701620307, 17323.406615663363, -28249.252229839833, 12824.11221553233, 35995.45043652659, 9136.633174018047, 1763.3291200791741, 46413.39736144512, -16061.158902783263, 137.26206270004067, 70479.45356124087, 41334.119896187774, -0.154, 0.9500000000000001, -0.188, 192.0, 0.0, 0.0, 0.0, 0.0, 0.0, 0.0, 0.0, 0.0, 0.0, 1.741716463694594E9, 0.0, 2025-03-11 13:07:43.694
206.0, 15516.983332274358, 13367.97486161886, -10986.307082928071, -5264.506371558473, 15825.124481335222, 17307.626284077916, -28281.326983133196, 12814.992703794564, 35995.45043652659, 9136.633174018047, 1763.3291200791741, 46413.39736144512, -16061.158902783263, 137.26206270004067, 70479.45356124087, 41334.119896187774, -0.154, 0.9500000000000001, -0.188, 192.0, 0.0, 0.0, 0.0, 0.0, 0.0, 0.0, 0.0, 0.0, 0.0, 1.741716463726656E9, 0.0, 2025-03-11 13:07:43.726
206.0, 15511.954189771914, 13458.477074918399, -10954.098219167974, -5243.428676537118, 15828.186670325598, 17310.442603879288, -28253.566116519705, 12808.48834615807, 35995.45043652659, 9136.633174018047, 1763.3291200791741, 46413.39736144512, -16061.158902783263, 137.26206270004067, 70479.45356124087, 41334.119896187774, -0.154, 0.9500000000000001, -0.188, 192.0, 0.0, 0.0, 0.0, 0.0, 0.0, 0.0, 0.0, 0.0, 0.0, 1.741716463902926E9, 0.0, 2025-03-11 13:07:43.902
206.0, 15518.190326474945, 13366.767867418273, -10984.27307418264, -5264.439316325106, 15766.942890518058, 17312.767185302637, -28276.230785397387, 12819.485404430081, 35995.45043652659, 9136.633174018047, 1763.3291200791741, 46413.39736144512, -16061.158902783263, 137.26206270004067, 70479.45356124087, 41334.119896187774, -0.154, 0.9500000000000001, -0.188, 192.0, 0.0, 0.0, 0.0, 0.0, 0.0, 0.0, 0.0, 0.0, 0.0, 1.741716463918995E9, 0.0, 2025-03-11 13:07:43.918
198.0, 15516.536297385252, 13426.245859413846, -10976.31585315655, -5236.700801456071, 15762.606652093727, 17312.52131611363, -28185.885034309034, 12799.637055353769, 36000.680744729136, 9134.800330972712, 1761.8762566895791, 46414.09026552323, -16088.85271416339, 138.9160917897334, 70685.02255499632, 41302.04514289441, -0.154, 0.9500000000000001, -0.188, 192.0, 0.0, 0.0, 0.0, 0.0, 0.0, 0.0, 0.0, 0.0, 0.0, 1.741716463935005E9, 0.0, 2025-03-11 13:07:43.935
200.0, 15517.810346819204, 13425.374141380089, -10974.415954877848, -5236.834911922802, 15799.375271722707, 17313.32597891402, -28248.425215294985, 12799.570000120402, 36019.79148623842, 9152.480560836859, 1780.8528877321348, 46431.90460585411, -16075.128743067831, 154.53996116399304, 70593.1121817961, 41324.08396292734, -0.154, 0.9500000000000001, -0.188, 192.0, 0.0, 0.0, 0.0, 0.0, 0.0, 0.0, 0.0, 0.0, 0.0, 1.741716464031136E9, 0.0, 2025-03-11 13:07:44.031
202.0, 15512.289465938744, 13425.843528013651, -10979.758021802667, -5241.349964302774, 15779.057536012833, 17315.76231905965, -28272.78861675127, 12804.912067045221, 36009.91201518918, 9137.817816474178, 1766.592474769649, 46419.70055338151, -16088.673900207747, 143.87817905881155, 70677.82529328171, 41310.89643369871, -0.154, 0.9500000000000001, -0.188, 192.0, 0.0, 0.0, 0.0, 0.0, 0.0, 0.0, 0.0, 0.0, 0.0, 1.741716464047154E9, 0.0, 2025-03-11 13:07:44.047
204.0, 15514.569343873185, 13427.408150125522, -10970.817324020545, -5235.851435166769, 15788.534675661884, 17320.56794411754, -28272.922727218, 12798.363005919815, 36014.583529780335, 9147.965508456888, 1772.8956667060456, 46424.059143550294, -16082.795391416, 149.48846691709363, 70599.57183594369, 41321.91584371518, -0.138, 0.9540000000000001, -0.18, 192.0, 125.5, 88.0, 14.5, 104.0, 125.0, 48.0, 0.0, 0.0, 0.0, 1.741716464143297E9, 0.0, 2025-03-11 13:07:44.143
6.0, 15499.191343687933, 13441.959135765926, -10964.447076850782, -5274.676415285638, 15759.812684036815, 17310.822583535028, -28291.094695460168, 12819.68657013018, 36006.335736076326, 9148.412543345994, 1727.8345498841466, 46393.5490123688, -16071.150132554787, 142.91705404723336, 70584.03737354725, 41271.199735546084, -0.138, 0.9540000000000001, -0.18, 192.0, 0.0, 0.0, 0.0, 0.0, 0.0, 0.0, 0.0, 0.0, 0.0, 1.741716464207404E9, 0.0, 2025-03-11 13:07:44.207
8.0, 15502.722919311873, 13428.525737348287, -10968.045707708086, -5277.336272875818, 15790.613387896228, 17309.61558933444, -28294.916843762025, 12817.898430573754, 36004.50289303099, 9148.479598579359, 1727.6780876729595, 46396.879422292644, -16069.98784184311, 161.089022289398, 70629.67963572498, 41280.632171706224, -0.154, 0.962, -0.192, 192.0, 125.5, 24.0, 15.0, 8.0, 125.0, 0.0, 0.0, 0.0, 0.0, 1.741716464255472E9, 0.0, 2025-03-11 13:07:44.255
10.0, 15518.16797473049, 13428.503385603832, -10961.049611693576, -5268.350871604785, 15750.290840898853, 17320.85851679546, -28279.0247534543, 12829.00724756804, 36013.98003268004, 9156.995613216832, 1742.2290733133643, 46398.30993393778, -16049.424236944227, 158.40681295476116, 70587.90422533802, 41295.13845385772, -0.154, 0.962, -0.192, 192.0, 0.0, 0.0, 0.0, 0.0, 0.0, 0.0, 0.0, 0.0, 0.0, 1.741716464335599E9, 0.0, 2025-03-11 13:07:44.335
12.0, 15505.427480390965, 13400.764870734796, -10983.870742782443, -5286.366377635763, 15804.337358991786, 17302.84301076448, -28295.810913540237, 12811.43877642617, 36019.00917518249, 9159.633119062557, 1747.1911605824425, 46411.25159397741, -16049.89362357779, 173.33777825090627, 70613.47462099488, 41300.346410315804, -0.154, 0.962, -0.192, 192.0, 0.0, 0.0, 0.0, 0.0, 0.0, 0.0, 0.0, 0.0, 0.0, 1.741716464351621E9, 0.0, 2025-03-11 13:07:44.351
14.0, 15503.97461700137, 13381.922350158973, -10994.487821398714, -5293.47423237255, 15740.701942527527, 17296.09278393898, -28301.465904887427, 12806.052006012442, 36002.08890462982, 9137.594299029624, 1737.1328755775544, 46387.938724510524, -16067.596205186393, 145.21928372613, 70619.06255710871, 41280.52041298395, -0.154, 0.962, -0.192, 192.0, 0.0, 0.0, 0.0, 0.0, 0.0, 0.0, 0.0, 0.0, 0.0, 1.741716464527908E9, 0.0, 2025-03-11 13:07:44.527
90.0, 15532.920126070992, 13370.590015720132, -10957.585091303003, -5248.949557417579, 15804.60557992525, 17303.46885960923, -28301.488256631885, 12793.065642483907, 36020.84201822782, 9165.556331343214, 1791.4699663484057, 46443.05812633731, -16045.490329920094, 170.94614159418842, 70615.15100182903, 41332.39881186472, -0.154, 0.962, -0.192, 192.0, 0.0, 0.0, 0.0, 0.0, 0.0, 0.0, 0.0, 0.0, 0.0, 1.741716464800361E9, 0.0, 2025-03-11 13:07:44.800
96.0, 15526.058140523213, 13368.667765696975, -10976.785239790112, -5253.106981886266, 15765.802951550837, 17302.127754941914, -28306.785620067792, 12800.329959431883, 36015.61171002528, 9163.164694686497, 1783.691559277959, 46438.87835012416, -16051.257079989564, 176.17644979673028, 70699.73000284792, 41330.36480311928, -0.151, 0.9570000000000001, -0.192, 192.0, 125.5, 48.0, 14.5, 96.0, 125.0, 0.0, 0.0, 0.0, 0.0, 1.74171646492252E9, 0.0, 2025-03-11 13:07:44.922
144.0, 15542.419617464499, 13383.576379248665, -10958.16623665884, -5237.393705534185, 15793.094431530766, 17315.404691148364, -28289.731239048393, 12814.322151460905, 36013.46594255757, 9150.848883491622, 1769.0511666597329, 46429.04358256383, -16066.255100519074, 152.90828381875562, 70601.94112085595, 41285.43779676411, -0.151, 0.9570000000000001, -0.192, 192.0, 0.0, 0.0, 0.0, 0.0, 0.0, 0.0, 0.0, 0.0, 0.0, 1.741716464947583E9, 0.0, 2025-03-11 13:07:44.947
190.0, 15526.482823667864, 13378.636643724043, -10967.59867281898, -5248.301356828375, 15798.145925777666, 17307.916856755837, -28295.497989117863, 12804.196811222651, 36007.94506167711, 9148.770171257278, 1758.434088043462, 46422.114541782685, -16080.090830336909, 154.33879546389528, 70659.60862155064, 41272.27261927994, -0.151, 0.9570000000000001, -0.192, 192.0, 0.0, 0.0, 0.0, 0.0, 0.0, 0.0, 0.0, 0.0, 0.0, 1.741716465098803E9, 0.0, 2025-03-11 13:07:45.098
186.0, 15537.099902284135, 13355.614346935075, -10953.31590811204, -5248.65898473966, 15808.025396826912, 17322.33373192951, -28287.60782332514, 12804.48738390057, 36013.108314646284, 9149.351316613116, 1761.8092014562133, 46427.993050574434, -16071.686574421714, 150.47194367312716, 70664.95068847545, 41275.111290825764, -0.151, 0.9570000000000001, -0.192, 192.0, 0.0, 0.0, 0.0, 0.0, 0.0, 0.0, 0.0, 0.0, 0.0, 1.741716465258006E9, 0.0, 2025-03-11 13:07:45.258
24.0, 15531.377855703577, 13355.435532979434, -10959.641451792892, -5249.553054517872, 15732.1635761456, 17322.736063329707, -28295.11800946212, 12801.91693328821, 36015.41054432518, 9166.137476699052, 1786.3961203570511, 46450.34479502974, -16035.342637937385, 179.21628704265203, 70736.1409945656, 41337.405602622704, -0.151, 0.9570000000000001, -0.192, 192.0, 0.0, 0.0, 0.0, 0.0, 0.0, 0.0, 0.0, 0.0, 0.0, 1.741716465402253E9, 0.0, 2025-03-11 13:07:45.402
26.0, 15525.298181211732, 13342.225652006347, -10964.558835573058, -5255.632729009715, 15801.610446168239, 17312.968351002735, -28302.494085132374, 12793.803250050933, 36007.27450934345, 9157.397944617027, 1775.4437655739507, 46441.47115248098, -16045.087998519899, 174.47771721812694, 70679.61343283814, 41332.82349500937, -0.151, 0.9570000000000001, -0.192, 192.0, 0.0, 0.0, 0.0, 0.0, 0.0, 0.0, 0.0, 0.0, 0.0, 1.741716465426327E9, 0.0, 2025-03-11 13:07:45.426
28.0, 15525.275829467277, 13351.188701532925, -10967.106934440963, -5253.75518247547, 15730.509547055906, 17314.421214392332, -28293.35222165015, 12800.397014665248, 35999.42904703964, 9150.223034646873, 1769.0064631708221, 46431.055239564805, -16047.12200726533, 165.31350199145103, 70763.2536605899, 41332.577625820355, -0.151, 0.9570000000000001, -0.192, 192.0, 0.0, 0.0, 0.0, 0.0, 0.0, 0.0, 0.0, 0.0, 0.0, 1.741716465456351E9, 0.0, 2025-03-11 13:07:45.456
30.0, 15520.336093942655, 13339.722256627352, -10970.772620531634, -5253.79988596438, 15802.929199091102, 17305.636978821396, -28294.80508503975, 12797.468936141604, 35998.289108072415, 9148.457246834903, 1766.3689573250958, 46431.077591309266, -16047.524338665527, 161.20078101167454, 70684.24024394038, 41338.67965205666, -0.1485, 0.9555, -0.19, 192.0, 125.5, 56.0, 14.5, 104.0, 125.0, 16.0, 0.0, 0.0, 0.0, 1.741716465456878E9, 0.0, 2025-03-11 13:07:45.456
32.0, 15509.54020137074, 13338.15763451548, -10981.836734037011, -5258.583159277816, 15748.92738448708, 17297.299778139564, -28303.522265377316, 12788.48353487057, 35987.62732596723, 9137.102560651609, 1752.1979513404312, 46418.8064836033, -16064.019926073543, 153.8470570858785, 70773.4013525726, 41326.922634473165, -0.1485, 0.9555, -0.19, 192.0, 0.0, 0.0, 0.0, 0.0, 0.0, 0.0, 0.0, 0.0, 0.0, 1.741716465584541E9, 0.0, 2025-03-11 13:07:45.584
34.0, 15521.632495121063, 13363.92919587245, -10965.184684417807, -5244.4568567820625, 15812.853373629257, 17309.81675503454, -28286.244366913365, 12794.540857617958, 36003.87704418624, 9150.915938724987, 1769.1852771264646, 46433.648041921624, -16049.915975322245, 160.79844961147901, 70708.62599714113, 41341.89830325822, -0.1485, 0.9555, -0.19, 192.0, 0.0, 0.0, 0.0, 0.0, 0.0, 0.0, 0.0, 0.0, 0.0, 1.741716465607547E9, 0.0, 2025-03-11 13:07:45.607
112.0, 15531.511966170308, 13348.30532649819, -10962.033088449609, -5243.339269559297, 15782.164428492122, 17310.107327712456, -28284.70209654595, 12814.836241583376, 36020.77496299445, 9143.539863054737, 1770.1016986491322, 46428.14951278562, -16067.41739123075, 148.86261807234504, 70774.31777409528, 41298.75943645948, -0.1485, 0.9555, -0.19, 192.0, 0.0, 0.0, 0.0, 0.0, 0.0, 0.0, 0.0, 0.0, 0.0, 1.741716465636599E9, 0.0, 2025-03-11 13:07:45.636
108.0, 15511.887134538549, 13349.914652098973, -10978.08164096852, -5251.9893946635, 15799.755251378449, 17312.007225991158, -28293.955718750447, 12801.693415843656, 36013.89062570222, 9139.270679863774, 1761.1833526114647, 46423.74621912792, -16067.03741157501, 149.55552215045955, 70770.87560544915, 41301.21812834956, -0.14725, 0.95275, -0.193, 192.0, 125.5, 56.0, 14.5, 88.0, 124.5, 112.0, 0.0, 0.0, 0.0, 1.741716465724772E9, 0.0, 2025-03-11 13:07:45.724
106.0, 15523.197117232934, 13347.5006636978, -10971.823152521034, -5256.571502276838, 15755.319983401298, 17301.457202608253, -28295.274471673307, 12797.848915797344, 36030.07328868786, 9164.48344760936, 1774.30382660673, 46448.02021360639, -16056.532091681016, 181.40675799927212, 70757.71042796498, 41321.669974526165, -0.14725, 0.95275, -0.193, 192.0, 0.0, 0.0, 0.0, 0.0, 0.0, 0.0, 0.0, 0.0, 0.0, 1.741716465725377E9, 0.0, 2025-03-11 13:07:45.725
106.0, 15519.956114286913, 13356.240195779825, -10970.437344364804, -5244.143932359688, 15733.012942434902, 17321.32790342902, -28289.910053004034, 12806.38728217927, 36030.07328868786, 9164.48344760936, 1774.30382660673, 46448.02021360639, -16056.532091681016, 181.40675799927212, 70757.71042796498, 41321.669974526165, -0.14725, 0.95275, -0.193, 192.0, 0.0, 0.0, 0.0, 0.0, 0.0, 0.0, 0.0, 0.0, 0.0, 1.74171646574077E9, 0.0, 2025-03-11 13:07:45.740
76.0, 15530.997876047835, 13360.911710370983, -10956.802780247066, -5238.757161945959, 15739.897279727136, 17326.893487798392, -28280.231747654885, 12811.841107826365, 36028.59807355381, 9152.502912581314, 1773.0297771727774, 46438.05133557932, -16053.648716646281, 167.97335958163256, 70691.86218879964, 41332.443515353625, -0.14725, 0.95275, -0.193, 192.0, 0.0, 0.0, 0.0, 0.0, 0.0, 0.0, 0.0, 0.0, 0.0, 1.741716465795843E9, 0.0, 2025-03-11 13:07:45.795
182.0, 15518.905582297515, 13434.694818817952, -10954.858178479455, -5211.59979243276, 15771.21207370902, 17307.492173611186, -28238.903372157023, 12781.420383622693, 36025.73705026353, 9152.547616070226, 1734.4283144984622, 46416.54895741332, -16084.002385616588, 156.0375280424986, 70849.06200755382, 41247.95392131256, -0.14725, 0.95275, -0.193, 192.0, 0.0, 0.0, 0.0, 0.0, 0.0, 0.0, 0.0, 0.0, 0.0, 1.741716466098313E9, 0.0, 2025-03-11 13:07:46.098
182.0, 15521.744253843339, 13431.677333316486, -10951.304251111062, -5213.186766289087, 15746.871023997192, 17312.834240536005, -28278.60007030965, 12789.198790693139, 36025.73705026353, 9152.547616070226, 1734.4283144984622, 46416.54895741332, -16084.002385616588, 156.0375280424986, 70849.06200755382, 41247.95392131256, -0.14725, 0.95275, -0.193, 192.0, 0.0, 0.0, 0.0, 0.0, 0.0, 0.0, 0.0, 0.0, 0.0, 1.741716466098935E9, 0.0, 2025-03-11 13:07:46.098
116.0, 15529.433253935964, 13434.404246140033, -10947.8844342094, -5203.6649231511265, 15718.238439349943, 17311.47078412423, -28295.967375751425, 12789.846991282344, 36029.112163676284, 9159.856636507111, 1776.2260766298864, 46446.05326009432, -16063.014097573056, 154.96464430864387, 70775.99415492942, 41287.71767469856, -0.14200000000000002, 0.9540000000000001, -0.196, 192.0, 0.0, 0.0, 0.0, 0.0, 0.0, 0.0, 0.0, 0.0, 0.0, 1.741716466170364E9, 0.0, 2025-03-11 13:07:46.170
222.0, 15519.062044508702, 13433.711342061919, -10953.02533543412, -5217.947687858068, 15762.584300349272, 17311.537839357596, -28291.69819256046, 12792.260979683517, 36020.75261125, 9165.265758665295, 1788.5418878247606, 46460.38072829017, -16037.398998427272, 177.5846096974146, 70766.29349783582, 41340.132515446254, -0.14200000000000002, 0.9540000000000001, -0.196, 192.0, 0.0, 0.0, 0.0, 0.0, 0.0, 0.0, 0.0, 0.0, 0.0, 1.741716466279568E9, 0.0, 2025-03-11 13:07:46.279
210.0, 15509.093166481634, 13315.805890060174, -10992.811440564567, -5250.871807440735, 15779.50457090194, 17296.785688017095, -28299.677765331006, 12786.002491236031, 36021.06553567237, 9174.049994236231, 1784.7644430118137, 46463.509972513915, -16033.912126292245, 188.5593162249704, 70783.0126026884, 41319.54655880291, -0.14400000000000002, 0.9480000000000001, -0.19, 192.0, 125.5, 64.0, 14.5, 80.0, 125.0, 8.0, 0.0, 0.0, 0.0, 1.741716467209143E9, 0.0, 2025-03-11 13:07:47.209
160.0, 15513.83173630616, 13318.912782539463, -10987.245856195195, -5248.949557417579, 15705.676758966061, 17307.022786977624, -28294.80508503975, 12799.7711658205, 36007.56508202137, 9163.142342942041, 1751.0133088843, 46419.92407082606, -16050.094789277888, 172.98015033962136, 70871.19023456458, 41269.29983726738, -0.14400000000000002, 0.9480000000000001, -0.19, 192.0, 0.0, 0.0, 0.0, 0.0, 0.0, 0.0, 0.0, 0.0, 0.0, 1.741716467273255E9, 0.0, 2025-03-11 13:07:47.273
242.0, 15520.82783232067, 13326.02063727625, -10978.59573109099, -5249.396592306685, 15763.031335238378, 17311.873115524428, -28286.579643080193, 12783.968482490598, 35991.98591613602, 9156.928557983465, 1762.5691607676938, 46443.88514088216, -16055.660373647259, 178.36692075335037, 70904.69549950308, 41301.30753532738, -0.14400000000000002, 0.9480000000000001, -0.19, 192.0, 0.0, 0.0, 0.0, 0.0, 0.0, 0.0, 0.0, 0.0, 0.0, 1.741716467361398E9, 0.0, 2025-03-11 13:07:47.361
242.0, 15527.823928335183, 13360.576434204155, -10964.022393706131, -5226.7319234290035, 15750.44730311004, 17306.70986255525, -28288.54659659226, 12791.031633738476, 35991.98591613602, 9156.928557983465, 1762.5691607676938, 46443.88514088216, -16055.660373647259, 178.36692075335037, 70904.69549950308, 41301.30753532738, -0.14400000000000002, 0.9480000000000001, -0.19, 192.0, 0.0, 0.0, 0.0, 0.0, 0.0, 0.0, 0.0, 0.0, 0.0, 1.741716467361985E9, 0.0, 2025-03-11 13:07:47.361
242.0, 15523.755910844317, 13352.127474800049, -10963.642414050391, -5232.453970009562, 15735.717503513994, 17303.46885960923, -28297.531997863294, 12781.465087111603, 35991.98591613602, 9156.928557983465, 1762.5691607676938, 46443.88514088216, -16055.660373647259, 178.36692075335037, 70904.69549950308, 41301.30753532738, -0.14400000000000002, 0.9480000000000001, -0.19, 192.0, 0.0, 0.0, 0.0, 0.0, 0.0, 0.0, 0.0, 0.0, 0.0, 1.741716467362511E9, 0.0, 2025-03-11 13:07:47.362
220.0, 15535.378817961076, 13364.197416805913, -10960.669632037834, -5225.860205395246, 15728.564945288295, 17310.152031201367, -28292.011116982834, 12786.404822636227, 35992.07532311384, 9160.549540585225, 1758.3223293211854, 46438.38661174615, -16053.894585835289, 184.1336708228196, 70823.93864678606, 41309.3988668202, -0.14400000000000002, 0.9480000000000001, -0.19, 192.0, 0.0, 0.0, 0.0, 0.0, 0.0, 0.0, 0.0, 0.0, 0.0, 1.741716467377393E9, 0.0, 2025-03-11 13:07:47.377
174.0, 15509.182573459457, 13306.038177733206, -11003.205001736284, -5263.791115735903, 15739.316134371298, 17303.267693909133, -28305.84684680067, 12788.371776148293, 36003.608823252776, 9161.130685941063, 1776.0249109297886, 46449.7636496739, -16040.729408351113, 192.60498197138097, 70812.18162920256, 41345.67574807117, -0.14400000000000002, 0.9480000000000001, -0.19, 192.0, 125.5, 64.0, 14.5, 80.0, 125.0, 8.0, 0.0, 0.0, 0.0, 1.741716467644824E9, 0.0, 2025-03-11 13:07:47.644
120.0, 15473.799761986706, 13315.202392959882, -10974.035975222108, -5220.9204698706235, 15730.576602289273, 17291.913007725838, -28201.68771763894, 12764.634223536757, 36020.93142520564, 9160.974223729876, 1741.1114860905989, 46413.240899233926, -16066.411562730262, 159.63615889980304, 70990.92852961166, 41200.85879574523, -0.148, 0.9480000000000001, -0.188, 192.0, 0.0, 0.0, 0.0, 0.0, 0.0, 0.0, 0.0, 0.0, 0.0, 1.741716467761052E9, 0.0, 2025-03-11 13:07:47.761
222.0, 15525.856974823115, 13407.068062671193, -10958.903844225866, -5206.1236150412105, 15732.275334867876, 17304.60879857645, -28115.99112939729, 12755.827636221366, 36013.86827395776, 9172.619482591092, 1780.7634807543136, 46461.118335857194, -16039.36595193934, 178.90336262027773, 70925.41556661316, 41302.26866033896, -0.148, 0.9480000000000001, -0.188, 192.0, 0.0, 0.0, 0.0, 0.0, 0.0, 0.0, 0.0, 0.0, 0.0, 1.741716468303927E9, 0.0, 2025-03-11 13:07:48.303
220.0, 15529.008570791313, 13409.280885372269, -10961.139018671396, -5202.45792895054, 15703.374529287164, 17308.833278278504, -28118.069841631634, 12763.449581080626, 36012.43776231263, 9168.082078466663, 1778.7741754977912, 46457.832629422264, -16052.128798023321, 181.07148183244252, 71017.16947760219, 41309.66708775367, -0.148, 0.9480000000000001, -0.188, 192.0, 0.0, 0.0, 0.0, 0.0, 0.0, 0.0, 0.0, 0.0, 0.0, 1.741716468335962E9, 0.0, 2025-03-11 13:07:48.335
220.0, 15525.029960278269, 13460.399324941556, -10944.64343126338, -5195.037149791378, 15700.647616463617, 17300.42902236331, -28214.96465384539, 12744.294136082428, 36012.43776231263, 9168.082078466663, 1778.7741754977912, 46457.832629422264, -16052.128798023321, 181.07148183244252, 71017.16947760219, 41309.66708775367, -0.14300000000000002, 0.9500000000000001, -0.187, 192.0, 125.5, 88.0, 14.5, 96.0, 125.0, 24.0, 0.0, 0.0, 0.0, 1.741716468400166E9, 0.0, 2025-03-11 13:07:48.400
218.0, 15536.27288773929, 13414.041806941248, -10952.578300545014, -5194.165431757621, 15744.948773974034, 17313.817717292037, -28113.13010610701, 12750.977307674564, 36022.94308220662, 9184.331796685672, 1788.944219224956, 46468.405004549626, -16039.41065542825, 190.90624939277762, 70929.14830793718, 41328.37549786276, -0.14300000000000002, 0.9500000000000001, -0.187, 192.0, 0.0, 0.0, 0.0, 0.0, 0.0, 0.0, 0.0, 0.0, 0.0, 1.741716468429229E9, 0.0, 2025-03-11 13:07:48.429
8.0, 15538.59746916264, 13363.973899361361, -10954.277033123617, -5215.421940734618, 15772.709640587527, 17306.016958477136, -28103.89883564697, 12777.061793453908, 36017.66807051517, 9173.20062794693, 1777.0530911747328, 46461.408908535115, -16058.119065537343, 183.70898767816874, 70978.63507016124, 41273.859593136265, -0.14300000000000002, 0.9500000000000001, -0.187, 192.0, 0.0, 0.0, 0.0, 0.0, 0.0, 0.0, 0.0, 0.0, 0.0, 1.741716468471312E9, 0.0, 2025-03-11 13:07:48.471
234.0, 15532.718960370894, 13451.659792859531, -10935.83684394799, -5191.460870678529, 15700.982892630445, 17319.919743528335, -28108.905626404958, 12750.396162318726, 36003.20649185259, 9160.706002796413, 1765.4748875468836, 46446.20972230551, -16062.231786517119, 171.70610090566885, 70967.86152933378, 41291.78569218942, -0.14300000000000002, 0.9500000000000001, -0.187, 192.0, 0.0, 0.0, 0.0, 0.0, 0.0, 0.0, 0.0, 0.0, 0.0, 1.741716468597431E9, 0.0, 2025-03-11 13:07:48.597
46.0, 15527.287486468254, 13388.918446173484, -10948.867910965433, -5216.628934935205, 15681.559226698784, 17305.65933056585, -28101.842475157082, 12765.595348548335, 36030.49797183251, 9181.359014673117, 1770.7946027272467, 46455.84332416574, -16062.701173150681, 184.29013303400674, 70982.43486671864, 41246.791630600885, -0.14300000000000002, 0.9500000000000001, -0.187, 192.0, 0.0, 0.0, 0.0, 0.0, 0.0, 0.0, 0.0, 0.0, 0.0, 1.741716468645511E9, 0.0, 2025-03-11 13:07:48.645
46.0, 15528.807405091216, 13380.894169914029, -10946.319812097528, -5204.626048162705, 15757.398695635642, 17313.437737636297, -28109.956158394358, 12774.96072947511, 36030.49797183251, 9181.359014673117, 1770.7946027272467, 46455.84332416574, -16062.701173150681, 184.29013303400674, 70982.43486671864, 41246.791630600885, -0.14300000000000002, 0.9500000000000001, -0.187, 192.0, 0.0, 0.0, 0.0, 0.0, 0.0, 0.0, 0.0, 0.0, 0.0, 1.741716468709616E9, 0.0, 2025-03-11 13:07:48.709
40.0, 15521.632495121063, 13448.172920724503, -10949.7843324881, -5205.318952240819, 15761.600823593239, 17297.791516517584, -28135.28068486222, 12737.745074957023, 36020.171465894164, 9159.141380684541, 1760.2892828332524, 46434.27389076637, -16070.054897076476, 159.2114757551522, 71027.69714924063, 41234.54287463938, -0.14300000000000002, 0.9500000000000001, -0.187, 192.0, 0.0, 0.0, 0.0, 0.0, 0.0, 0.0, 0.0, 0.0, 0.0, 1.741716468853851E9, 0.0, 2025-03-11 13:07:48.853
30.0, 15530.372027203088, 13463.059182531737, -10946.230405119706, -5199.7310161269925, 15704.134488598644, 17305.256999165656, -28131.23501911581, 12740.181415102652, 36034.96832072357, 9185.047052508242, 1782.9539517109338, 46465.186353348065, -16053.894585835289, 193.0296651160318, 71019.18113460316, 41260.739119141, -0.14300000000000002, 0.9500000000000001, -0.187, 192.0, 0.0, 0.0, 0.0, 0.0, 0.0, 0.0, 0.0, 0.0, 0.0, 1.741716468917992E9, 0.0, 2025-03-11 13:07:48.917
30.0, 15514.122308984079, 13448.865824802617, -10963.329489628017, -5200.245106249465, 15729.704884255516, 17300.98781597469, -28124.350681823576, 12728.782025430444, 36034.96832072357, 9185.047052508242, 1782.9539517109338, 46465.186353348065, -16053.894585835289, 193.0296651160318, 71019.18113460316, 41260.739119141, -0.14300000000000002, 0.9500000000000001, -0.187, 192.0, 0.0, 0.0, 0.0, 0.0, 0.0, 0.0, 0.0, 0.0, 0.0, 1.741716468933977E9, 0.0, 2025-03-11 13:07:48.933
52.0, 15522.660675366007, 13484.628615931108, -10943.436437062794, -5199.753367871448, 15691.304587281298, 17312.47661262472, -28119.254484087764, 12745.47877853856, 36022.4513438286, 9177.402755904526, 1762.7926782122468, 46438.92305361308, -16066.433914474717, 173.87422011783363, 71045.31032387142, 41235.056964761854, -0.14300000000000002, 0.9500000000000001, -0.187, 192.0, 0.0, 0.0, 0.0, 0.0, 0.0, 0.0, 0.0, 0.0, 0.0, 1.741716468998123E9, 0.0, 2025-03-11 13:07:48.998
52.0, 15522.88419281056, 13455.437237672477, -10951.281899366606, -5189.002178788445, 15726.73210224296, 17304.80996427655, -28129.13395513701, 12739.197938346619, 36022.4513438286, 9177.402755904526, 1762.7926782122468, 46438.92305361308, -16066.433914474717, 173.87422011783363, 71045.31032387142, 41235.056964761854, -0.1395, 0.9520000000000001, -0.1855, 192.0, 125.5, 96.0, 14.5, 104.0, 125.0, 32.0, 0.0, 0.0, 0.0, 1.741716469014143E9, 0.0, 2025-03-11 13:07:49.014
180.0, 15511.730672327361, 13458.410019685034, -10959.954376215264, -5203.799033617858, 15689.002357602401, 17307.00043523317, -28131.458536560363, 12742.595403503825, 36001.84303544081, 9164.95283424292, 1774.0579574177216, 46451.417678763595, -16055.168635269241, 183.82074640044527, 71081.56485337793, 41281.72740718453, -0.14, 0.9540000000000001, -0.178, 192.0, 125.5, 80.0, 14.5, 104.0, 125.0, 56.0, 0.0, 0.0, 0.0, 1.741716469122224E9, 0.0, 2025-03-11 13:07:49.122
196.0, 15525.432291678464, 13341.97978281734, -10981.099126469986, -5242.534606758905, 15772.821399309803, 17301.345443885977, -28120.75205096627, 12755.71587749909, 35993.55053824789, 9160.258967907306, 1758.2329223433642, 46438.8112948908, -16063.483484206616, 170.72262414963535, 71013.79436418944, 41278.57581121633, -0.14200000000000002, 0.9590000000000001, -0.181, 192.0, 125.5, 96.0, 15.0, 0.0, 125.0, 56.0, 0.0, 0.0, 0.0, 1.741716469327446E9, 0.0, 2025-03-11 13:07:49.327
192.0, 15517.698588096928, 13403.3129696027, -10952.645355778379, -5192.1537747566435, 15806.214905526032, 17300.94311248578, -28142.254429132277, 12736.023990633965, 36004.1452651197, 9173.424145391482, 1773.3874050840623, 46454.971606131985, -16048.060780532454, 189.2969237919955, 70998.34930877082, 41307.09663714131, -0.14200000000000002, 0.9590000000000001, -0.181, 192.0, 0.0, 0.0, 0.0, 0.0, 0.0, 0.0, 0.0, 0.0, 0.0, 1.741716469449625E9, 0.0, 2025-03-11 13:07:49.449
214.0, 15523.264172466299, 13421.440234355956, -10954.969937201731, -5202.882612095191, 15773.581358621284, 17301.39014737489, -28151.686865292417, 12733.900574910711, 35997.75266620549, 9164.416392375993, 1763.038547401255, 46448.22137930649, -16062.008269072567, 178.36692075335037, 71082.25775745604, 41290.6457532222, -0.14200000000000002, 0.9590000000000001, -0.181, 192.0, 0.0, 0.0, 0.0, 0.0, 0.0, 0.0, 0.0, 0.0, 0.0, 1.741716469488707E9, 0.0, 2025-03-11 13:07:49.488
214.0, 15518.905582297515, 13418.355693621123, -10965.229387906718, -5210.504556954451, 15705.72146245497, 17300.540781085587, -28156.917173494956, 12729.56433648638, 35997.75266620549, 9164.416392375993, 1763.038547401255, 46448.22137930649, -16062.008269072567, 178.36692075335037, 71082.25775745604, 41290.6457532222, -0.14200000000000002, 0.9590000000000001, -0.181, 192.0, 0.0, 0.0, 0.0, 0.0, 0.0, 0.0, 0.0, 0.0, 0.0, 1.74171646948926E9, 0.0, 2025-03-11 13:07:49.489
214.0, 15525.611105634107, 13367.661937196486, -10964.983518717709, -5209.297562753864, 15701.608741475195, 17314.622380092427, -28129.201010370376, 12753.346592586828, 35997.75266620549, 9164.416392375993, 1763.038547401255, 46448.22137930649, -16062.008269072567, 178.36692075335037, 71082.25775745604, 41290.6457532222, -0.14200000000000002, 0.9590000000000001, -0.181, 192.0, 0.0, 0.0, 0.0, 0.0, 0.0, 0.0, 0.0, 0.0, 0.0, 1.741716469489759E9, 0.0, 2025-03-11 13:07:49.489
254.0, 15516.201021218423, 13370.657070953497, -10969.319757142039, -5222.0827605823, 15735.359875602708, 17284.31341461103, -28152.178603670432, 12729.13965334173, 36003.117084874764, 9167.322119155184, 1750.141590850543, 46434.78798088885, -16076.916882624255, 173.36012999536158, 71002.01499486149, 41242.54479915438, -0.14200000000000002, 0.9590000000000001, -0.181, 192.0, 0.0, 0.0, 0.0, 0.0, 0.0, 0.0, 0.0, 0.0, 0.0, 1.741716469528776E9, 0.0, 2025-03-11 13:07:49.528
46.0, 15513.496460139331, 13348.148864287003, -10988.98929226271, -5248.413115550651, 15779.258701712932, 17299.51260084064, -28149.272876891242, 12742.885976181744, 36011.02960241194, 9170.160790701007, 1746.4759047598727, 46430.585852931246, -16079.867312892356, 176.5340777080152, 71081.52014988901, 41203.00456321294, -0.152, 0.9560000000000001, -0.18, 192.0, 0.0, 0.0, 0.0, 0.0, 0.0, 0.0, 0.0, 0.0, 0.0, 1.741716469807265E9, 0.0, 2025-03-11 13:07:49.807
104.0, 15518.212678219401, 13344.21495726287, -10987.60348410648, -5247.7425632169925, 15729.168442388589, 17302.19481017528, -28149.116414680055, 12743.37771455976, 35991.62828822473, 9154.939252726943, 1748.8675414165905, 46426.78605637384, -16061.494178950094, 182.52434522203748, 71121.39566199729, 41242.45539217656, -0.134, 0.9520000000000001, -0.192, 192.0, 125.5, 104.0, 14.5, 96.0, 125.0, 0.0, 0.0, 0.0, 0.0, 1.741716469807855E9, 0.0, 2025-03-11 13:07:49.807
106.0, 15524.068835266691, 13342.69503863991, -10979.735670058211, -5246.267348082942, 15773.335489432275, 17297.970330473225, -28157.610077573074, 12732.492415010025, 36006.8498261988, 9167.791505788744, 1767.4194893144954, 46440.577082702766, -16046.250289231575, 189.31927553645082, 71042.22578313659, 41255.17353477163, -0.134, 0.9520000000000001, -0.192, 192.0, 0.0, 0.0, 0.0, 0.0, 0.0, 0.0, 0.0, 0.0, 0.0, 1.741716469832291E9, 0.0, 2025-03-11 13:07:49.832
108.0, 15521.990123032347, 13346.07015205266, -10982.50728637067, -5242.936938159101, 15740.366666360696, 17298.0820891955, -28155.486661849816, 12737.074522623363, 35996.07628537134, 9156.213302160895, 1756.8694659315904, 46435.23501577795, -16058.499045193083, 180.088005076409, 71138.38298778332, 41242.231874732, -0.134, 0.9520000000000001, -0.192, 192.0, 0.0, 0.0, 0.0, 0.0, 0.0, 0.0, 0.0, 0.0, 0.0, 1.741716469864303E9, 0.0, 2025-03-11 13:07:49.864
112.0, 15521.386625932055, 13350.585204432631, -10980.428574136326, -5242.668717225638, 15749.195605420544, 17296.51746708363, -28147.976475712836, 12738.125054612763, 35996.545672004904, 9166.986842988354, 1757.1600386095095, 46447.372013017186, -16054.945117824689, 185.54183072350392, 71131.63276095781, 41258.28042725092, -0.134, 0.9520000000000001, -0.192, 192.0, 0.0, 0.0, 0.0, 0.0, 0.0, 0.0, 0.0, 0.0, 0.0, 1.74171646994444E9, 0.0, 2025-03-11 13:07:49.944
114.0, 15533.635381893562, 13364.622099950564, -10964.380021617417, -5227.357772273752, 15749.128550187177, 17298.23855140669, -28139.929847708925, 12745.925813427666, 36005.17344536465, 9174.742898314345, 1766.4136608140066, 46452.311748541804, -16044.84212933089, 186.57001096844806, 71072.71356257363, 41264.47186046503, -0.14, 0.9520000000000001, -0.184, 192.0, 125.5, 80.0, 14.5, 96.0, 125.0, 32.0, 0.0, 0.0, 0.0, 1.741716469975531E9, 0.0, 2025-03-11 13:07:49.975
144.0, 15548.007553578325, 13376.043841367227, -10951.192492388785, -5213.209118033543, 15751.721352543993, 17305.56992358803, -28135.52655405123, 12752.586633275347, 36012.92950069064, 9179.973206516886, 1773.3874050840623, 46460.44778352354, -16054.296917235484, 196.65064771779154, 71060.48715835657, 41268.11519481125, -0.14400000000000002, 0.9580000000000001, -0.188, 192.0, 125.5, 64.0, 14.5, 120.0, 125.0, 16.0, 0.0, 0.0, 0.0, 1.741716469991524E9, 0.0, 2025-03-11 13:07:49.991
142.0, 15535.401169705532, 13364.532692972743, -10959.55204481507, -5224.295583283375, 15749.419122865096, 17297.970330473225, -28150.010484458267, 12740.695505225123, 36021.55727405039, 9188.243351965351, 1785.9714372124001, 46469.366129561204, -16044.439797930694, 192.58263022692566, 71123.89905737627, 41272.876116380234, -0.14400000000000002, 0.9580000000000001, -0.188, 192.0, 0.0, 0.0, 0.0, 0.0, 0.0, 0.0, 0.0, 0.0, 0.0, 1.74171647007969E9, 0.0, 2025-03-11 13:07:50.079
122.0, 15521.990123032347, 13351.21105327738, -10966.79401001859, -5226.46370249554, 15722.842898707737, 17305.391109632386, -28148.401158857487, 12743.020086648476, 35997.75266620549, 9178.363880916106, 1757.271797331786, 46449.04839385133, -16036.773149582525, 191.33093253742845, 71068.28791717147, 41283.13556708522, -0.14400000000000002, 0.9580000000000001, -0.188, 192.0, 0.0, 0.0, 0.0, 0.0, 0.0, 0.0, 0.0, 0.0, 0.0, 1.741716470126741E9, 0.0, 2025-03-11 13:07:50.126
136.0, 15523.264172466299, 13347.902995097995, -10975.086507211508, -5229.481187997007, 15779.079887757289, 17308.050967222567, -28138.85696397507, 12740.76256045849, 35986.28622129992, 9161.24244466334, 1752.4438205294396, 46444.95802461601, -16060.242481260597, 178.18810679770792, 71091.5784348939, 41261.409671474656, -0.14400000000000002, 0.9580000000000001, -0.188, 192.0, 0.0, 0.0, 0.0, 0.0, 0.0, 0.0, 0.0, 0.0, 0.0, 1.741716470127575E9, 0.0, 2025-03-11 13:07:50.127
136.0, 15525.924030056482, 13352.708620155887, -10961.74251577169, -5224.183824561099, 15715.645636993127, 17316.499926626675, -28132.263199360754, 12744.249432593517, 35986.28622129992, 9161.24244466334, 1752.4438205294396, 46444.95802461601, -16060.242481260597, 178.18810679770792, 71091.5784348939, 41261.409671474656, -0.14400000000000002, 0.9580000000000001, -0.188, 192.0, 0.0, 0.0, 0.0, 0.0, 0.0, 0.0, 0.0, 0.0, 0.0, 1.741716470142801E9, 0.0, 2025-03-11 13:07:50.142
154.0, 15523.241820721845, 13350.942832343917, -10969.632681564413, -5228.721228685526, 15704.11213685419, 17312.543667858085, -28134.788946484205, 12748.272746595472, 36006.201625609596, 9168.797334289233, 1765.0502044022328, 46446.90262638362, -16056.196815514186, 185.36301676786147, 71151.92814492324, 41279.514584483455, -0.14200000000000002, 0.962, -0.192, 192.0, 125.5, 72.0, 15.0, 8.0, 125.0, 0.0, 0.0, 0.0, 0.0, 1.741716470174836E9, 0.0, 2025-03-11 13:07:50.174
4.0, 15539.603297663129, 13461.986298797883, -10946.431570819805, -5196.959399814535, 15754.537672345361, 17290.437792591787, -28293.1287042056, 12711.302961266394, 36029.71566077658, 9176.15105821503, 1759.9540066664229, 46438.699536168526, -16070.434876732217, 169.49327820459345, 71100.92146407622, 41202.04343820136, -0.14200000000000002, 0.962, -0.192, 192.0, 0.0, 0.0, 0.0, 0.0, 0.0, 0.0, 0.0, 0.0, 0.0, 1.74171647043124E9, 0.0, 2025-03-11 13:07:50.431
6.0, 15529.254439980323, 13452.33034519319, -10955.394620346382, -5206.235373763487, 15747.45216935303, 17278.457257563743, -28308.953739279958, 12695.276760491939, 36022.71956476207, 9165.824552276677, 1752.6449862295374, 46435.0114983334, -16071.932443610722, 167.61573167034766, 71173.40817134478, 41186.19605138255, -0.14200000000000002, 0.962, -0.192, 192.0, 0.0, 0.0, 0.0, 0.0, 0.0, 0.0, 0.0, 0.0, 0.0, 1.741716470495342E9, 0.0, 2025-03-11 13:07:50.495
8.0, 15533.300105726732, 13459.66171737453, -10945.939832441787, -5196.490013180973, 15746.379285619174, 17286.459182078743, -28306.785620067792, 12687.31953946585, 36030.43091659914, 9176.173409959485, 1762.524457278783, 46442.09700132573, -16063.058801061965, 172.24254277259624, 71112.27615025952, 41194.15327240864, -0.14400000000000002, 0.9460000000000001, -0.182, 192.0, 125.5, 64.0, 14.5, 72.0, 125.0, 40.0, 0.0, 0.0, 0.0, 1.741716470575474E9, 0.0, 2025-03-11 13:07:50.575
10.0, 15518.682064852961, 13447.792941068763, -10961.854274493966, -5204.067254551323, 15757.957489247025, 17281.98883318768, -28315.99453878338, 12693.935655824622, 36010.001422167, 9155.699212038424, 1741.692631446437, 46429.40121047512, -16083.600054216393, 166.11816479184208, 71192.67537506526, 41174.99782741044, -0.14400000000000002, 0.9460000000000001, -0.182, 192.0, 0.0, 0.0, 0.0, 0.0, 0.0, 0.0, 0.0, 0.0, 0.0, 1.741716470607529E9, 0.0, 2025-03-11 13:07:50.607
12.0, 15537.278716239778, 13466.769572111318, -10944.419913818827, -5179.055652505834, 15731.20245113402, 17309.57088584553, -28287.11608494712, 12712.174679300151, 36024.97709095205, 9172.619482591092, 1757.7635357098027, 46438.49837046843, -16068.870254620346, 177.69636841969114, 71138.07006336094, 41193.952106708544, -0.14400000000000002, 0.9460000000000001, -0.182, 192.0, 0.0, 0.0, 0.0, 0.0, 0.0, 0.0, 0.0, 0.0, 0.0, 1.74171647063458E9, 0.0, 2025-03-11 13:07:50.634
44.0, 15533.925954571481, 13465.450819188454, -10951.617175533436, -5184.844754319758, 15771.59205336476, 17307.603932333463, -28285.015020968323, 12700.507068694482, 36022.54075080642, 9175.189933203452, 1742.9890326248446, 46437.9619286015, -16079.375574514339, 179.59626669839224, 71183.17588367175, 41184.40791182613, -0.14400000000000002, 0.9460000000000001, -0.182, 192.0, 0.0, 0.0, 0.0, 0.0, 0.0, 0.0, 0.0, 0.0, 0.0, 1.741716470726723E9, 0.0, 2025-03-11 13:07:50.726
42.0, 15544.07364655419, 13473.385688470089, -10939.793102716578, -5175.345262926253, 15733.437625579552, 17320.23266795071, -28270.50873881683, 12730.458406264594, 36031.45909684409, 9185.181162974974, 1753.8743321745792, 46447.75199267292, -16075.016984345555, 186.45825224617153, 71096.96520530763, 41190.19701364005, -0.14400000000000002, 0.9460000000000001, -0.182, 192.0, 0.0, 0.0, 0.0, 0.0, 0.0, 0.0, 0.0, 0.0, 0.0, 1.74171647074273E9, 0.0, 2025-03-11 13:07:50.742
146.0, 15526.080492267669, 13466.300185477756, -10961.541350071591, -5207.375312730707, 15776.889416800668, 17266.297908580054, -28306.964434023434, 12684.883199320222, 36009.44262855561, 9174.742898314345, 1772.5827422836712, 46454.18929507605, -16054.922766080233, 184.75951966756818, 71153.60452575739, 41250.859648091755, -0.146, 0.9540000000000001, -0.184, 192.0, 0.0, 0.0, 0.0, 0.0, 0.0, 0.0, 0.0, 0.0, 0.0, 1.741716471050236E9, 0.0, 2025-03-11 13:07:51.050
116.0, 15533.523623171286, 13377.69787045692, -10960.714335526745, -5212.784434888892, 15773.782524321381, 17297.09861243947, -28168.94241201191, 12721.987095116032, 35998.289108072415, 9162.605901075114, 1764.0220241572888, 46451.64119620815, -16064.198740029186, 172.08608056140906, 71171.50827306608, 41256.26877024994, -0.146, 0.9540000000000001, -0.184, 192.0, 0.0, 0.0, 0.0, 0.0, 0.0, 0.0, 0.0, 0.0, 0.0, 1.741716471162385E9, 0.0, 2025-03-11 13:07:51.162
184.0, 15529.88028882507, 13393.165277619992, -10958.501512825671, -5207.352960986253, 15717.992570160935, 17292.829429248504, -28178.19603421641, 12714.52161246796, 36004.81581745337, 9168.082078466663, 1761.6750909894815, 46446.96968161699, -16079.464981492161, 173.7624613955571, 71180.29250863702, 41208.19016792657, -0.146, 0.9540000000000001, -0.184, 192.0, 0.0, 0.0, 0.0, 0.0, 0.0, 0.0, 0.0, 0.0, 0.0, 1.741716471242529E9, 0.0, 2025-03-11 13:07:51.242
184.0, 15528.941515557948, 13352.082771311138, -10958.769733759134, -5218.640591936182, 15713.96925615898, 17312.566019602542, -28165.701409065892, 12745.434075049649, 36004.81581745337, 9168.082078466663, 1761.6750909894815, 46446.96968161699, -16079.464981492161, 173.7624613955571, 71180.29250863702, 41208.19016792657, -0.146, 0.9540000000000001, -0.184, 192.0, 0.0, 0.0, 0.0, 0.0, 0.0, 0.0, 0.0, 0.0, 0.0, 1.741716471322623E9, 0.0, 2025-03-11 13:07:51.322
184.0, 15533.478919682375, 13381.810591436695, -10961.541350071591, -5209.588135431783, 15699.552380985306, 17301.52425784162, -28167.042513733213, 12727.887955652233, 36004.81581745337, 9168.082078466663, 1761.6750909894815, 46446.96968161699, -16079.464981492161, 173.7624613955571, 71180.29250863702, 41208.19016792657, -0.146, 0.9550000000000001, -0.186, 192.0, 125.5, 56.0, 14.5, 112.0, 125.0, 16.0, 0.0, 0.0, 0.0, 1.741716471348667E9, 0.0, 2025-03-11 13:07:51.348
184.0, 15522.571268388185, 13450.81042657023, -10953.7852947456, -5186.78935608737, 15763.07603872729, 17305.368757887933, -28195.742153613824, 12702.98811232902, 36004.81581745337, 9168.082078466663, 1761.6750909894815, 46446.96968161699, -16079.464981492161, 173.7624613955571, 71180.29250863702, 41208.19016792657, -0.14400000000000002, 0.9555, -0.185, 192.0, 188.25, 100.0, 21.75, 168.0, 187.5, 40.0, 0.0, 0.0, 0.0, 1.741716471349322E9, 0.0, 2025-03-11 13:07:51.349
184.0, 15545.258289010322, 13426.983466980872, -10960.624928548925, -5199.93218182709, 15696.378433272654, 17295.288121138587, -28178.28544119423, 12715.862717135278, 36004.81581745337, 9168.082078466663, 1761.6750909894815, 46446.96968161699, -16079.464981492161, 173.7624613955571, 71180.29250863702, 41208.19016792657, -0.14400000000000002, 0.9555, -0.185, 192.0, 94.125, 50.0, 10.875, 84.0, 93.75, 20.0, 0.0, 0.0, 0.0, 1.741716471444896E9, 0.0, 2025-03-11 13:07:51.444
222.0, 15511.68596883845, 13455.70545860594, -10975.846466522988, -5216.852452379758, 15756.012887479412, 17310.42025213483, -28175.71499058187, 12720.578935215348, 35998.95966040607, 9161.555369085714, 1743.793695425236, 46431.479922709455, -16082.929501882732, 173.29307476199565, 71205.72879382716, 41197.3272201213, -0.14500000000000002, 0.95675, -0.1855, 192.0, 125.5, 56.0, 14.5, 120.0, 125.0, 24.0, 0.0, 0.0, 0.0, 1.741716471460943E9, 0.0, 2025-03-11 13:07:51.460
168.0, 15518.369140430588, 13483.756897897352, -10966.637547807402, -5208.336437742286, 15704.402709532109, 17315.918781270837, -28169.903537023492, 12724.915173639676, 36007.54273027691, 9167.724450555379, 1761.5409805227496, 46454.211646820506, -16072.200664544185, 176.0199875855431, 71218.93867480024, 41236.75569734046, -0.14500000000000002, 0.95675, -0.1855, 192.0, 0.0, 0.0, 0.0, 0.0, 0.0, 0.0, 0.0, 0.0, 0.0, 1.741716471516984E9, 0.0, 2025-03-11 13:07:51.516
164.0, 15515.619875862585, 13489.76951715583, -10958.523864570125, -5206.280077252398, 15769.200416708043, 17311.627246335418, -28168.897708523004, 12719.99778985951, 36008.97324192205, 9172.127744213074, 1766.7265852363807, 46459.933693401064, -16069.98784184311, 175.9752840966325, 71229.0640150385, 41229.91606353713, -0.14500000000000002, 0.95675, -0.1855, 192.0, 0.0, 0.0, 0.0, 0.0, 0.0, 0.0, 0.0, 0.0, 0.0, 1.741716471596101E9, 0.0, 2025-03-11 13:07:51.596
244.0, 15511.753024071817, 13490.305959022757, -10962.010736705153, -5215.712513412537, 15697.004282117401, 17296.539818828085, -28175.983211515333, 12708.508993209482, 36017.444553070614, 9181.671939095491, 1759.8645996886016, 46451.48473399696, -16077.743897169103, 187.91111563576646, 71264.15625383332, 41192.119263663204, -0.14500000000000002, 0.95675, -0.1855, 192.0, 0.0, 0.0, 0.0, 0.0, 0.0, 0.0, 0.0, 0.0, 0.0, 1.741716471740396E9, 0.0, 2025-03-11 13:07:51.740
212.0, 15514.07760549517, 13492.00469160136, -10947.482102809205, -5213.5220424559175, 15775.548312133351, 17291.28715888109, -28177.525481882753, 12700.909400094677, 36011.83426521233, 9178.7662123163, 1761.8986084340345, 46443.70632692651, -16082.884798393823, 177.02581608603194, 71193.68120356575, 41203.65276380214, -0.14500000000000002, 0.95675, -0.1855, 192.0, 0.0, 0.0, 0.0, 0.0, 0.0, 0.0, 0.0, 0.0, 0.0, 1.741716471772371E9, 0.0, 2025-03-11 13:07:51.772
104.0, 15517.050387507725, 13469.027098301303, -10954.478198823716, -5195.730053869493, 15752.68247755557, 17295.71280428324, -28181.884072051536, 12683.251521974984, 35986.42033176665, 9164.975185987376, 1761.5856840116603, 46454.345757287236, -16075.32990876793, 186.7041214351799, 71310.24555090017, 41260.89558135219, -0.14500000000000002, 0.95675, -0.1855, 192.0, 0.0, 0.0, 0.0, 0.0, 0.0, 0.0, 0.0, 0.0, 0.0, 1.741716471772946E9, 0.0, 2025-03-11 13:07:51.772
102.0, 15524.068835266691, 13507.203877830969, -10936.306230581551, -5193.964266057524, 15696.110212339188, 17301.703071797263, -28170.81995854616, 12705.402100730194, 35999.78667495092, 9175.391098903548, 1775.6225795295932, 46460.850114923735, -16061.31536499445, 185.00538885657656, 71235.23309650816, 41270.50683146797, -0.14500000000000002, 0.95675, -0.1855, 192.0, 0.0, 0.0, 0.0, 0.0, 0.0, 0.0, 0.0, 0.0, 0.0, 1.741716471923636E9, 0.0, 2025-03-11 13:07:51.923
98.0, 15534.194175504945, 13399.088489900649, -10956.154579657863, -5176.552257126839, 15722.149994629623, 17327.22876396522, -28268.474730071393, 12728.379694030249, 36007.20745411008, 9181.761346073312, 1787.3125418797188, 46466.169830104096, -16048.865443332845, 196.76240644006808, 71218.04460502203, 41276.1394710707, -0.14500000000000002, 0.95675, -0.1855, 192.0, 0.0, 0.0, 0.0, 0.0, 0.0, 0.0, 0.0, 0.0, 0.0, 1.741716471957693E9, 0.0, 2025-03-11 13:07:51.957
98.0, 15527.086320768158, 13385.677443227463, -10959.574396559525, -5183.526001396895, 15728.900221455126, 17319.606819105964, -28279.0247534543, 12717.226173547051, 36007.20745411008, 9181.761346073312, 1787.3125418797188, 46466.169830104096, -16048.865443332845, 196.76240644006808, 71218.04460502203, 41276.1394710707, -0.14500000000000002, 0.95675, -0.1855, 192.0, 0.0, 0.0, 0.0, 0.0, 0.0, 0.0, 0.0, 0.0, 0.0, 1.74171647195826E9, 0.0, 2025-03-11 13:07:51.958
82.0, 15533.702437126929, 13391.60065550812, -10961.764867516145, -5186.923466554102, 15697.451317006507, 17315.80702254856, -28274.800273752247, 12721.361246271283, 35998.37851505024, 9177.648625093536, 1767.464192803406, 46452.669376453094, -16042.808120585458, 200.00340938608758, 71190.01551747507, 41270.48447972351, -0.14500000000000002, 0.95675, -0.1855, 192.0, 0.0, 0.0, 0.0, 0.0, 0.0, 0.0, 0.0, 0.0, 0.0, 1.741716472037828E9, 0.0, 2025-03-11 13:07:52.037
116.0, 15530.461434180908, 13388.60552175111, -10960.088486681996, -5190.656207878138, 15748.59210832025, 17306.486345110698, -28282.042238955768, 12721.160080571186, 36008.32504133285, 9180.263779194805, 1777.6342365305707, 46474.261161596914, -16061.22595801663, 199.08698786342, 71248.95706760373, 41250.34555796928, -0.14650000000000002, 0.954375, -0.18575, 192.0, 125.5, 48.0, 14.5, 96.0, 125.0, 24.0, 0.0, 0.0, 0.0, 1.741716472038415E9, 0.0, 2025-03-11 13:07:52.038
90.0, 15536.78697786176, 13397.948550933428, -10960.535521571102, -5186.9905217874675, 15698.524200740363, 17305.48051661021, -28276.387247608574, 12707.972551342555, 36007.878006443745, 9184.041224007753, 1778.9306377089786, 46467.8685626827, -16054.520434680038, 202.8420809319116, 71204.23122694866, 41262.70607265307, -0.14650000000000002, 0.954375, -0.18575, 192.0, 0.0, 0.0, 0.0, 0.0, 0.0, 0.0, 0.0, 0.0, 0.0, 1.741716472063838E9, 0.0, 2025-03-11 13:07:52.063
90.0, 15518.816175319693, 13347.902995097995, -10986.776469561633, -5231.828121164814, 15755.387038634664, 17300.719595041228, -28175.53617662623, 12718.299057280907, 36007.878006443745, 9184.041224007753, 1778.9306377089786, 46467.8685626827, -16054.520434680038, 202.8420809319116, 71204.23122694866, 41262.70607265307, -0.14650000000000002, 0.954375, -0.18575, 192.0, 0.0, 0.0, 0.0, 0.0, 0.0, 0.0, 0.0, 0.0, 0.0, 1.74171647207988E9, 0.0, 2025-03-11 13:07:52.079
90.0, 15531.02022779229, 13393.187629364447, -10968.425687363826, -5192.578457901294, 15714.237477092443, 17277.652594763353, -28287.093733202666, 12696.796679114901, 36007.878006443745, 9184.041224007753, 1778.9306377089786, 46467.8685626827, -16054.520434680038, 202.8420809319116, 71204.23122694866, 41262.70607265307, -0.14650000000000002, 0.954375, -0.18575, 192.0, 0.0, 0.0, 0.0, 0.0, 0.0, 0.0, 0.0, 0.0, 0.0, 1.741716472118896E9, 0.0, 2025-03-11 13:07:52.118
90.0, 15542.30785874222, 13391.108917130105, -10956.758076758157, -5188.823364832802, 15755.07411421229, 17306.12871719941, -28277.21426215342, 12717.203821802595, 36007.878006443745, 9184.041224007753, 1778.9306377089786, 46467.8685626827, -16054.520434680038, 202.8420809319116, 71204.23122694866, 41262.70607265307, -0.14650000000000002, 0.954375, -0.18575, 192.0, 0.0, 0.0, 0.0, 0.0, 0.0, 0.0, 0.0, 0.0, 0.0, 1.741716472119464E9, 0.0, 2025-03-11 13:07:52.119
90.0, 15535.691742383451, 13395.154582876514, -10963.441248350293, -5185.470603164506, 15751.520186843896, 17286.258016378644, -28284.32211689021, 12700.954103583588, 36007.878006443745, 9184.041224007753, 1778.9306377089786, 46467.8685626827, -16054.520434680038, 202.8420809319116, 71204.23122694866, 41262.70607265307, -0.14650000000000002, 0.954375, -0.18575, 192.0, 0.0, 0.0, 0.0, 0.0, 0.0, 0.0, 0.0, 0.0, 0.0, 1.741716472119968E9, 0.0, 2025-03-11 13:07:52.119
90.0, 15522.437157921453, 13373.808666921695, -10984.563646860559, -5220.629897192704, 15686.051927334302, 17285.90038846736, -28296.50381761835, 12704.75390014099, 36007.878006443745, 9184.041224007753, 1778.9306377089786, 46467.8685626827, -16054.520434680038, 202.8420809319116, 71204.23122694866, 41262.70607265307, -0.14650000000000002, 0.954375, -0.18575, 192.0, 0.0, 0.0, 0.0, 0.0, 0.0, 0.0, 0.0, 0.0, 0.0, 1.741716472146967E9, 0.0, 2025-03-11 13:07:52.146
90.0, 15528.047445779735, 13373.36163203259, -10969.543274586591, -5200.200402760554, 15708.180154345055, 17307.112193955447, -28254.750758975835, 12723.551717227903, 36007.878006443745, 9184.041224007753, 1778.9306377089786, 46467.8685626827, -16054.520434680038, 202.8420809319116, 71204.23122694866, 41262.70607265307, -0.14650000000000002, 0.954375, -0.18575, 192.0, 0.0, 0.0, 0.0, 0.0, 0.0, 0.0, 0.0, 0.0, 0.0, 1.741716472147527E9, 0.0, 2025-03-11 13:07:52.147
90.0, 15517.3633119301, 13418.93683897696, -10963.284786139106, -5189.471565422006, 15775.458905155529, 17302.463031108742, -28290.625308826606, 12701.736414639523, 36007.878006443745, 9184.041224007753, 1778.9306377089786, 46467.8685626827, -16054.520434680038, 202.8420809319116, 71204.23122694866, 41262.70607265307, -0.14650000000000002, 0.954375, -0.18575, 192.0, 0.0, 0.0, 0.0, 0.0, 0.0, 0.0, 0.0, 0.0, 0.0, 1.741716472149071E9, 0.0, 2025-03-11 13:07:52.149
90.0, 15519.531431142263, 13364.040954594728, -10978.059289224064, -5222.216871049031, 15762.897224771647, 17281.161818642835, -28295.2297681844, 12689.800583100388, 36007.878006443745, 9184.041224007753, 1778.9306377089786, 46467.8685626827, -16054.520434680038, 202.8420809319116, 71204.23122694866, 41262.70607265307, -0.14650000000000002, 0.954375, -0.18575, 192.0, 0.0, 0.0, 0.0, 0.0, 0.0, 0.0, 0.0, 0.0, 0.0, 1.741716472162964E9, 0.0, 2025-03-11 13:07:52.162
90.0, 15532.048408037235, 13402.41889982449, -10968.828018764021, -5183.794222330359, 15697.518372239874, 17316.544630115586, -28283.45039885645, 12709.358359498783, 36007.878006443745, 9184.041224007753, 1778.9306377089786, 46467.8685626827, -16054.520434680038, 202.8420809319116, 71204.23122694866, 41262.70607265307, -0.14650000000000002, 0.954375, -0.18575, 192.0, 0.0, 0.0, 0.0, 0.0, 0.0, 0.0, 0.0, 0.0, 0.0, 1.741716472210076E9, 0.0, 2025-03-11 13:07:52.210
90.0, 15532.428387692975, 13434.605411840132, -10953.159445900852, -5174.004158258934, 15718.149032372123, 17323.540726130097, -28268.653544027038, 12716.846193891311, 36007.878006443745, 9184.041224007753, 1778.9306377089786, 46467.8685626827, -16054.520434680038, 202.8420809319116, 71204.23122694866, 41262.70607265307, -0.14650000000000002, 0.954375, -0.18575, 192.0, 0.0, 0.0, 0.0, 0.0, 0.0, 0.0, 0.0, 0.0, 0.0, 1.741716472210696E9, 0.0, 2025-03-11 13:07:52.210
90.0, 15521.408977676509, 13414.444138341445, -10962.16719891634, -5181.6484548626495, 15759.030372980878, 17309.101499211967, -28280.097637188155, 12704.016292573964, 36007.878006443745, 9184.041224007753, 1778.9306377089786, 46467.8685626827, -16054.520434680038, 202.8420809319116, 71204.23122694866, 41262.70607265307, -0.14650000000000002, 0.954375, -0.18575, 192.0, 0.0, 0.0, 0.0, 0.0, 0.0, 0.0, 0.0, 0.0, 0.0, 1.741716472211194E9, 0.0, 2025-03-11 13:07:52.211
90.0, 15529.008570791313, 13404.162335892002, -10971.286710654105, -5188.890420066169, 15764.975937005991, 17307.872153266926, -28285.283241901787, 12709.850097876799, 36007.878006443745, 9184.041224007753, 1778.9306377089786, 46467.8685626827, -16054.520434680038, 202.8420809319116, 71204.23122694866, 41262.70607265307, -0.14650000000000002, 0.954375, -0.18575, 192.0, 0.0, 0.0, 0.0, 0.0, 0.0, 0.0, 0.0, 0.0, 0.0, 1.741716472211684E9, 0.0, 2025-03-11 13:07:52.211
90.0, 15536.250535994834, 13372.512265743288, -10961.608405304958, -5202.927315584102, 15779.057536012833, 17310.509659112653, -28270.48638707237, 12722.277667793951, 36007.878006443745, 9184.041224007753, 1778.9306377089786, 46467.8685626827, -16054.520434680038, 202.8420809319116, 71204.23122694866, 41262.70607265307, -0.14650000000000002, 0.954375, -0.18575, 192.0, 0.0, 0.0, 0.0, 0.0, 0.0, 0.0, 0.0, 0.0, 0.0, 1.741716472282141E9, 0.0, 2025-03-11 13:07:52.282
90.0, 15518.749120086328, 13403.916466702995, -10971.443172865293, -5188.97982704399, 15696.400785017107, 17302.015996219634, -28292.234634427386, 12704.597437929802, 36007.878006443745, 9184.041224007753, 1778.9306377089786, 46467.8685626827, -16054.520434680038, 202.8420809319116, 71204.23122694866, 41262.70607265307, -0.14650000000000002, 0.954375, -0.18575, 192.0, 0.0, 0.0, 0.0, 0.0, 0.0, 0.0, 0.0, 0.0, 0.0, 1.741716472282727E9, 0.0, 2025-03-11 13:07:52.282
90.0, 15526.88515506806, 13412.052501684726, -10956.288690124595, -5173.445364647551, 15788.579379150795, 17313.460089380755, -28277.1248551756, 12721.42830150465, 36007.878006443745, 9184.041224007753, 1778.9306377089786, 46467.8685626827, -16054.520434680038, 202.8420809319116, 71204.23122694866, 41262.70607265307, -0.14650000000000002, 0.954375, -0.18575, 192.0, 0.0, 0.0, 0.0, 0.0, 0.0, 0.0, 0.0, 0.0, 0.0, 1.741716472315251E9, 0.0, 2025-03-11 13:07:52.315
192.0, 15528.896812069037, 13416.299333131235, -10960.289652382095, -5172.193666958055, 15689.963482613979, 17305.32405439902, -28280.075285443698, 12697.020196559453, 35992.99174463651, 9171.993633746342, 1752.265006573797, 46447.75199267292, -16086.863408906867, 182.45728998867156, 71327.67991157531, 41199.07065618881, -0.14650000000000002, 0.954375, -0.18575, 192.0, 0.0, 0.0, 0.0, 0.0, 0.0, 0.0, 0.0, 0.0, 0.0, 1.741716472315792E9, 0.0, 2025-03-11 13:07:52.315
190.0, 15530.729655114372, 13459.125275507604, -10952.60065228947, -5180.352053684242, 15715.980913159958, 17313.2365719362, -28283.69626804546, 12707.346702497805, 35998.51262551697, 9174.00529074732, 1759.9987101553334, 46450.68007119657, -16084.583530972426, 182.47964173312687, 71239.43522446576, 41205.64206905867, -0.14200000000000002, 0.9560000000000001, -0.184, 192.0, 125.5, 72.0, 14.5, 112.0, 125.0, 32.0, 0.0, 0.0, 0.0, 1.741716472340289E9, 0.0, 2025-03-11 13:07:52.340
190.0, 15526.25930622331, 13454.2749469608, -10953.494722067682, -5182.140193240666, 15695.976101872457, 17304.72055729873, -28284.098599445653, 12699.188315771618, 35998.51262551697, 9174.00529074732, 1759.9987101553334, 46450.68007119657, -16084.583530972426, 182.47964173312687, 71239.43522446576, 41205.64206905867, -0.14200000000000002, 0.9560000000000001, -0.184, 192.0, 62.75, 36.0, 7.25, 56.0, 62.5, 16.0, 0.0, 0.0, 0.0, 1.741716472365326E9, 0.0, 2025-03-11 13:07:52.365
188.0, 15531.243745236845, 13453.04560101576, -10957.294518625084, -5180.2402949619645, 15734.912840713603, 17312.990702747193, -28282.198701166955, 12709.134842054229, 35995.11516035976, 9169.803162789722, 1760.0210618997887, 46453.20581832002, -16087.779830429536, 181.89849637728886, 71309.50794333314, 41203.27278414641, -0.14200000000000002, 0.9560000000000001, -0.184, 192.0, 0.0, 0.0, 0.0, 0.0, 0.0, 0.0, 0.0, 0.0, 0.0, 1.741716472398376E9, 0.0, 2025-03-11 13:07:52.398
188.0, 15532.69660862644, 13455.012554527826, -10952.623004033925, -5173.043033247356, 15715.466823037485, 17317.4386998938, -28277.46013134243, 12709.246600776507, 35995.11516035976, 9169.803162789722, 1760.0210618997887, 46453.20581832002, -16087.779830429536, 181.89849637728886, 71309.50794333314, 41203.27278414641, -0.14200000000000002, 0.9560000000000001, -0.184, 192.0, 0.0, 0.0, 0.0, 0.0, 0.0, 0.0, 0.0, 0.0, 0.0, 1.74171647239893E9, 0.0, 2025-03-11 13:07:52.398
222.0, 15527.086320768158, 13456.823045828707, -10953.450018578771, -5180.687329851071, 15769.200416708043, 17306.262827666145, -28282.8245500117, 12702.451670462093, 36004.3464308198, 9172.418316890993, 1755.1930850974425, 46443.035774592856, -16077.408621002272, 184.98303711212125, 71283.53521627608, 41191.2698973739, -0.14200000000000002, 0.9560000000000001, -0.184, 192.0, 0.0, 0.0, 0.0, 0.0, 0.0, 0.0, 0.0, 0.0, 0.0, 1.741716472399473E9, 0.0, 2025-03-11 13:07:52.399
222.0, 15539.759759874316, 13471.217569257924, -10942.430608562305, -5172.216018702509, 15699.820601918771, 17314.95765625926, -28278.197738909454, 12713.560487456381, 36004.3464308198, 9172.418316890993, 1755.1930850974425, 46443.035774592856, -16077.408621002272, 184.98303711212125, 71283.53521627608, 41191.2698973739, -0.14200000000000002, 0.9560000000000001, -0.184, 192.0, 0.0, 0.0, 0.0, 0.0, 0.0, 0.0, 0.0, 0.0, 0.0, 1.741716472432454E9, 0.0, 2025-03-11 13:07:52.432
250.0, 15527.64511437954, 13471.262272746835, -10958.479161081215, -5159.117896451699, 15682.587406943729, 17311.71665331324, -28286.73610529138, 12700.596475672302, 36010.18023612264, 9176.173409959485, 1754.0084426413111, 46449.026042106874, -16075.866350634857, 192.44851976019382, 71307.29512063207, 41165.230115083476, -0.14400000000000002, 0.96, -0.18, 192.0, 125.5, 64.0, 15.0, 0.0, 125.0, 48.0, 0.0, 0.0, 0.0, 1.741716472433008E9, 0.0, 2025-03-11 13:07:52.433
248.0, 15523.264172466299, 13456.174845239502, -10961.384887860404, -5180.866143806714, 15670.740982382416, 17306.57575208852, -28280.388209866072, 12698.674225649147, 35993.394076036704, 9161.19774117443, 1738.1610558224984, 46429.468265708485, -16087.8468856629, 173.98597884011016, 71255.93081187378, 41159.88804815865, -0.14400000000000002, 0.96, -0.18, 192.0, 0.0, 0.0, 0.0, 0.0, 0.0, 0.0, 0.0, 0.0, 0.0, 1.741716472464506E9, 0.0, 2025-03-11 13:07:52.464
248.0, 15516.960980529902, 13457.448894673455, -10967.017527463142, -5167.075117477789, 15754.694134556548, 17306.978083488713, -28293.1287042056, 12700.283551249928, 35993.394076036704, 9161.19774117443, 1738.1610558224984, 46429.468265708485, -16087.8468856629, 173.98597884011016, 71255.93081187378, 41159.88804815865, -0.14400000000000002, 0.96, -0.18, 192.0, 0.0, 0.0, 0.0, 0.0, 0.0, 0.0, 0.0, 0.0, 0.0, 1.741716472480447E9, 0.0, 2025-03-11 13:07:52.480
6.0, 15516.379835174064, 13458.030040029293, -10972.158428687862, -5172.059556491323, 15682.363889499175, 17307.246304422177, -28292.860483272136, 12694.382690713728, 35944.75668010196, 9155.967432971887, 1726.4710934723728, 46422.42746620506, -16083.443592005206, 196.29301980650663, 71274.41570453832, 41168.31465581831, -0.14400000000000002, 0.96, -0.18, 192.0, 0.0, 0.0, 0.0, 0.0, 0.0, 0.0, 0.0, 0.0, 0.0, 1.741716472507551E9, 0.0, 2025-03-11 13:07:52.507
6.0, 15508.936704270447, 13470.099982035159, -10954.679364523812, -5181.223771717999, 15702.234590319944, 17301.032519463603, -28289.351259392653, 12700.529420438937, 35944.75668010196, 9155.967432971887, 1726.4710934723728, 46422.42746620506, -16083.443592005206, 196.29301980650663, 71274.41570453832, 41168.31465581831, -0.14400000000000002, 0.96, -0.18, 192.0, 0.0, 0.0, 0.0, 0.0, 0.0, 0.0, 0.0, 0.0, 0.0, 1.74171647255565E9, 0.0, 2025-03-11 13:07:52.555
6.0, 15532.227221992878, 13480.627653673608, -10951.795989489077, -5155.563969083306, 15737.617401792695, 17311.64959807987, -28284.45622735694, 12693.041586046409, 35944.75668010196, 9155.967432971887, 1726.4710934723728, 46422.42746620506, -16083.443592005206, 196.29301980650663, 71274.41570453832, 41168.31465581831, -0.14400000000000002, 0.96, -0.18, 192.0, 0.0, 0.0, 0.0, 0.0, 0.0, 0.0, 0.0, 0.0, 0.0, 1.74171647259558E9, 0.0, 2025-03-11 13:07:52.595
4.0, 15508.579076359163, 13472.648080903064, -10964.9388152288, -5185.783527586881, 15716.584410260251, 17293.52233332662, -28291.809951282736, 12676.836571316311, 35957.09484304128, 9153.709906781902, 1732.014326097289, 46419.92407082606, -16084.449420505694, 187.28526679101788, 71260.08823634246, 41168.56052500731, -0.14400000000000002, 0.9580000000000001, -0.182, 192.0, 125.5, 64.0, 14.5, 120.0, 125.0, 40.0, 0.0, 0.0, 0.0, 1.741716472596166E9, 0.0, 2025-03-11 13:07:52.596
14.0, 15442.641430216006, 13331.139186756514, -11003.36146394747, -5239.740638701992, 15742.244212894942, 17307.782746289104, -28276.722523775403, 12726.837423662833, 35927.411726404636, 9154.827494004667, 1718.3350584906411, 46420.99695455992, -16082.191894315709, 203.66909547675795, 71243.14561404534, 41185.972533937995, -0.15, 0.9540000000000001, -0.182, 192.0, 125.5, 40.0, 14.5, 104.0, 125.0, 40.0, 0.0, 0.0, 0.0, 1.741716472626625E9, 0.0, 2025-03-11 13:07:52.626
14.0, 15439.132206336524, 13343.387942718024, -11007.742405860712, -5241.707592214059, 15663.342554967709, 17304.631150320907, -28276.141378419565, 12711.548830455404, 35927.411726404636, 9154.827494004667, 1718.3350584906411, 46420.99695455992, -16082.191894315709, 203.66909547675795, 71243.14561404534, 41185.972533937995, -0.15, 0.9540000000000001, -0.182, 192.0, 62.75, 20.0, 7.25, 52.0, 62.5, 20.0, 0.0, 0.0, 0.0, 1.741716472627206E9, 0.0, 2025-03-11 13:07:52.627
64.0, 15482.762811513283, 13323.092558752604, -10993.929027787332, -5224.0273623499115, 15671.00920331588, 17303.513563098142, -28270.97812545039, 12724.199917817106, 35950.54578191588, 9150.804180002711, 1747.4817332603616, 46440.86765538069, -16080.51551348156, 185.54183072350392, 71286.50799828864, 41230.810133315346, -0.14400000000000002, 0.9460000000000001, -0.176, 192.0, 125.5, 64.0, 14.5, 72.0, 125.0, 64.0, 0.0, 0.0, 0.0, 1.741716472839056E9, 0.0, 2025-03-11 13:07:52.839
62.0, 15477.800724244205, 13310.73204406882, -11009.061158783576, -5239.271252068431, 15712.136413113645, 17298.03738570659, -28275.515529574815, 12707.681978664636, 35967.533107701915, 9170.071383723187, 1768.3582625816182, 46460.87246666819, -16067.752667397579, 197.09768260689768, 71277.83552143998, 41258.615703417745, -0.14400000000000002, 0.9460000000000001, -0.176, 192.0, 0.0, 0.0, 0.0, 0.0, 0.0, 0.0, 0.0, 0.0, 0.0, 1.741716472862056E9, 0.0, 2025-03-11 13:07:52.862
60.0, 15533.635381893562, 13388.136135117547, -10967.196341418785, -5205.944801085568, 15728.274372610376, 17304.005301476158, -28185.840330820123, 12710.453594977093, 35972.36108450426, 9175.86048553711, 1776.3601870966181, 46476.13870813116, -16053.22403350163, 211.00046765809867, 71257.58484096346, 41270.19390704559, -0.14400000000000002, 0.9460000000000001, -0.176, 192.0, 0.0, 0.0, 0.0, 0.0, 0.0, 0.0, 0.0, 0.0, 0.0, 1.741716472942261E9, 0.0, 2025-03-11 13:07:52.942
182.0, 15534.775320860783, 13468.937691323483, -10955.305213368561, -5167.991539000456, 15702.34634904222, 17322.221973207234, -28135.146574395487, 12700.395309972206, 36006.73806747652, 9188.82449732119, 1755.170733352987, 46458.79375443384, -16078.7944291585, 210.7545984690903, 71390.48831349473, 41185.10081590424, -0.14400000000000002, 0.9460000000000001, -0.176, 192.0, 0.0, 0.0, 0.0, 0.0, 0.0, 0.0, 0.0, 0.0, 0.0, 1.741716473053416E9, 0.0, 2025-03-11 13:07:53.053
184.0, 15539.066855796202, 13471.195217513468, -10946.386867330893, -5164.571722098794, 15740.009038449412, 17321.61847610694, -28133.716062750347, 12698.741280882512, 36019.25504437149, 9202.503764927837, 1770.4146230715064, 46469.1202603722, -16060.242481260597, 222.98100268614326, 71293.61585302542, 41196.09787417625, -0.14400000000000002, 0.9540000000000001, -0.188, 192.0, 125.5, 64.0, 14.5, 104.0, 125.0, 16.0, 0.0, 0.0, 0.0, 1.741716473083461E9, 0.0, 2025-03-11 13:07:53.083
186.0, 15534.685913882962, 13470.658775646541, -10954.925233712822, -5170.360823912719, 15705.810869432793, 17309.86145852345, -28138.007597685766, 12693.89095233571, 36016.57283503686, 9197.25110498084, 1764.334948579663, 46466.214533593, -16067.70796390867, 217.30365959449526, 71372.33869699702, 41188.990019439465, -0.14400000000000002, 0.9540000000000001, -0.188, 192.0, 0.0, 0.0, 0.0, 0.0, 0.0, 0.0, 0.0, 0.0, 0.0, 1.741716473116524E9, 0.0, 2025-03-11 13:07:53.116
188.0, 15526.751044601328, 13467.529531422799, -10954.45584707926, -5174.495896636951, 15725.413349320097, 17301.725423541717, -28139.57221979764, 12690.806411600877, 36005.642831998215, 9191.39494793355, 1755.0142711418, 46457.16207708861, -16067.193873786196, 205.34547631090598, 71304.16587640833, 41178.68586524557, -0.14400000000000002, 0.9540000000000001, -0.188, 192.0, 0.0, 0.0, 0.0, 0.0, 0.0, 0.0, 0.0, 0.0, 0.0, 1.7417164731171E9, 0.0, 2025-03-11 13:07:53.117
190.0, 15541.59260291965, 13485.701499664963, -10941.73770448419, -5160.682518563571, 15708.783651445348, 17310.822583535028, -28130.698577248884, 12701.55760068388, 36013.22007336856, 9201.162660260517, 1760.8480764446351, 46467.488583026956, -16065.13751329631, 217.32601133895056, 71384.22982504724, 41180.40694956863, -0.14400000000000002, 0.9540000000000001, -0.188, 192.0, 0.0, 0.0, 0.0, 0.0, 0.0, 0.0, 0.0, 0.0, 0.0, 1.741716473132577E9, 0.0, 2025-03-11 13:07:53.132
192.0, 15534.708265627416, 13476.47022920492, -10942.318849840029, -5165.041108732356, 15706.861401422191, 17300.60783631895, -28147.37297861254, 12688.884161577722, 36018.94211994912, 9205.118919029108, 1768.3582625816182, 46466.8180306933, -16063.215263273152, 214.8449677044115, 71305.46227758673, 41181.88216470268, -0.14400000000000002, 0.9540000000000001, -0.188, 192.0, 0.0, 0.0, 0.0, 0.0, 0.0, 0.0, 0.0, 0.0, 0.0, 1.741716473220657E9, 0.0, 2025-03-11 13:07:53.220
194.0, 15536.094073783646, 13479.755935639852, -10943.302326596062, -5163.6329488316715, 15716.986741660447, 17298.0820891955, -28145.786004756214, 12678.334138194818, 36013.86827395776, 9194.144212501551, 1761.7644979673028, 46463.42056553609, -16070.770152899046, 210.48637753562662, 71373.70215340878, 41168.04643488484, -0.148, 0.9580000000000001, -0.184, 192.0, 125.5, 48.0, 14.5, 120.0, 125.0, 32.0, 0.0, 0.0, 0.0, 1.741716473221252E9, 0.0, 2025-03-11 13:07:53.221
196.0, 15530.707303369916, 13474.302109992757, -10944.889300452389, -5166.002233743934, 15702.592218231228, 17297.746813028672, -28148.42351060194, 12682.335100452317, 36022.58545429533, 9199.799203848745, 1771.621617272093, 46468.69557722755, -16065.271623763041, 209.569956012959, 71320.52735334961, 41174.43903379906, -0.148, 0.9580000000000001, -0.184, 192.0, 0.0, 0.0, 0.0, 0.0, 0.0, 0.0, 0.0, 0.0, 0.0, 1.741716473221792E9, 0.0, 2025-03-11 13:07:53.221
198.0, 15528.695646368938, 13473.922130337016, -10951.460713322249, -5169.131477967677, 15728.050855165822, 17296.830391506006, -28149.0940629356, 12674.914321293154, 36007.16275062117, 9182.945988529444, 1755.5730647531827, 46459.598417234236, -16077.833304146923, 200.80807218647865, 71374.43976097582, 41162.503202259926, -0.148, 0.9580000000000001, -0.184, 192.0, 0.0, 0.0, 0.0, 0.0, 0.0, 0.0, 0.0, 0.0, 0.0, 1.741716473222327E9, 0.0, 2025-03-11 13:07:53.222
200.0, 15535.803501105727, 13483.309863008246, -10944.442265563282, -5158.5814545847725, 15688.041232590824, 17314.488269625697, -28132.844344716592, 12707.905496109188, 36018.919768204665, 9197.407567192027, 1764.469059046395, 46468.136783616166, -16067.03741157501, 203.69144722121325, 71340.77803382612, 41183.51384204791, -0.148, 0.9580000000000001, -0.184, 192.0, 0.0, 0.0, 0.0, 0.0, 0.0, 0.0, 0.0, 0.0, 0.0, 1.741716473243671E9, 0.0, 2025-03-11 13:07:53.243
202.0, 15532.808367348716, 13520.257296592868, -10957.473332580726, -5161.934216253068, 15681.91685461007, 17325.842955808992, -28133.42549007243, 12702.742243140012, 36010.8507884563, 9191.037320022264, 1756.1542101090206, 46467.220362093496, -16074.61465294536, 207.75946471207914, 71362.5486329256, 41187.69361826106, -0.148, 0.9580000000000001, -0.184, 192.0, 0.0, 0.0, 0.0, 0.0, 0.0, 0.0, 0.0, 0.0, 0.0, 1.741716473259671E9, 0.0, 2025-03-11 13:07:53.259
204.0, 15540.050332552235, 13500.34189228319, -10941.558890528548, -5155.251044660931, 15693.29389253782, 17329.128662243922, -28127.435222558408, 12710.185374043629, 36024.284186873934, 9207.667017897013, 1770.7498992383362, 46475.19993486404, -16060.533053938516, 213.16858687026345, 71338.85578380297, 41202.15519692364, -0.148, 0.9580000000000001, -0.19, 192.0, 125.5, 48.0, 14.5, 120.0, 125.0, 8.0, 0.0, 0.0, 0.0, 1.741716473307734E9, 0.0, 2025-03-11 13:07:53.307
206.0, 15520.269038709288, 13478.839514117184, -10963.776524517123, -5175.926408282091, 15748.569756575795, 17308.56505734504, -28149.451690846887, 12687.096022021296, 36014.27060535796, 9198.413395692516, 1759.238750843853, 46469.299074327835, -16076.291033779507, 213.72738048164612, 71339.45928090326, 41187.60421128324, -0.148, 0.9580000000000001, -0.19, 192.0, 0.0, 0.0, 0.0, 0.0, 0.0, 0.0, 0.0, 0.0, 0.0, 1.741716473331762E9, 0.0, 2025-03-11 13:07:53.331
