%OpenBCI Raw EXG Data
%Number of channels = 16
%Sample Rate = 125 Hz
%Board = OpenBCI_GUI$BoardCytonSerialDaisy
Sample Index, EXG Channel 0, EXG Channel 1, EXG Channel 2, EXG Channel 3, EXG Channel 4, EXG Channel 5, EXG Channel 6, EXG Channel 7, EXG Channel 8, EXG Channel 9, EXG Channel 10, EXG Channel 11, EXG Channel 12, EXG Channel 13, EXG Channel 14, EXG Channel 15, Accel Channel 0, Accel Channel 1, Accel Channel 2, Not Used, Digital Channel 0 (D11), Digital Channel 1 (D12), Digital Channel 2 (D13), Digital Channel 3 (D17), Not Used, Digital Channel 4 (D18), Analog Channel 0, Analog Channel 1, Analog Channel 2, Timestamp, Marker Channel, Timestamp (Formatted)
0.0, -64391.21835127096, -46359.552009052284, -70156.98494398415, -68533.89066861758, -72366.27606943561, -58522.499623596625, -68764.35950569624, -57143.08406628181, 0.0, 0.0, 0.0, 0.0, 0.0, 0.0, 0.0, 0.0, 0.0, 0.0, 0.0, 192.0, 0.0, 0.0, 0.0, 0.0, 0.0, 0.0, 0.0, 0.0, 0.0, 1.741801461055046E9, 0.0, 2025-03-12 12:44:21.055
238.0, -64389.87724660364, -46359.86493347466, -70154.23567941615, -68531.87901161659, -72361.44809263326, -58521.7620160296, -68753.94359278007, -57145.45335119407, -35772.84941349619, -53461.32707134808, -66996.1130018369, 2447102.9576185895, -62933.39287440692, -67225.97834181528, -56145.033972863435, -12751.7596187305, 0.0, 0.0, 0.0, 192.0, 0.0, 0.0, 0.0, 0.0, 0.0, 0.0, 0.0, 0.0, 0.0, 1.74180146105533E9, 0.0, 2025-03-12 12:44:21.055
240.0, -64386.703298890985, -46353.204113626976, -70148.84890900242, -68522.91596209002, -72357.46948212021, -58511.033178691054, -68748.44506364406, -57130.29886845337, -35764.62397153663, -53450.240606098254, -66986.88173137685, 2447150.1645028787, -62923.06636846857, -67215.60713238802, -56131.600574445794, -12739.220290091072, 0.027, 0.485, -0.093, 192.0, 0.5, 88.0, 15.0, 40.0, 125.0, 24.0, 0.0, 0.0, 0.0, 1.741801461055677E9, 0.0, 2025-03-12 12:44:21.055
242.0, -64397.38743274062, -46367.375119611635, -70162.34936265342, -68540.46208148744, -72373.13805498338, -58531.8650045234, -68767.17582549762, -57150.28132799642, -35785.18757643552, -53467.74202200676, -67005.1654583413, 2447482.758460374, -62942.378275677955, -67232.10271979604, -56154.84638867932, -12753.927737942666, 0.027, 0.485, -0.093, 192.0, 0.0, 0.0, 0.0, 0.0, 0.0, 0.0, 0.0, 0.0, 0.0, 1.741801461056043E9, 0.0, 2025-03-12 12:44:21.056
244.0, -64398.88499961913, -46368.17978241203, -70161.87997601986, -68541.51261347684, -72369.1817962148, -58529.74158880015, -68775.73654362399, -57139.99952554698, -35775.419864108546, -53460.47770505878, -66992.40261225733, 2447370.642110186, -62931.470624383765, -67231.02983606218, -56145.816283919376, -12752.85485420881, 0.027, 0.485, -0.093, 192.0, 0.0, 0.0, 0.0, 0.0, 0.0, 0.0, 0.0, 0.0, 0.0, 1.741801461056288E9, 0.0, 2025-03-12 12:44:21.056
246.0, -64381.92002557755, -46350.9912909259, -70141.87516473237, -68522.37952022308, -72350.36162738343, -58514.67651303727, -68748.26624968841, -57136.914984812145, -35786.50632935838, -53471.87709473099, -67002.32678679547, 2447235.4587597204, -62942.110054744495, -67237.51184195421, -56154.175836345654, -12762.130828157762, 0.027, 0.485, -0.093, 192.0, 0.0, 0.0, 0.0, 0.0, 0.0, 0.0, 0.0, 0.0, 0.0, 1.74180146105652E9, 0.0, 2025-03-12 12:44:21.056
248.0, -64393.498229205405, -46369.476183590436, -70157.6554963178, -68535.3211802627, -72369.98645901518, -58522.365513129895, -68761.69964810606, -57141.027705791916, -35769.31783787225, -53454.73330673377, -66981.98669934114, 2447131.925479403, -62923.4016446354, -67218.04347253364, -56132.36053375728, -12738.28151682395, 0.027, 0.485, -0.093, 192.0, 0.0, 0.0, 0.0, 0.0, 0.0, 0.0, 0.0, 0.0, 0.0, 1.741801461056737E9, 0.0, 2025-03-12 12:44:21.056
250.0, -64386.993871568906, -46356.623930528636, -70145.58555431194, -68523.36299697912, -72359.77171179911, -58511.39080660234, -68753.09422649076, -57132.48933940999, -35786.1487014471, -53467.60791154003, -66996.9623681262, 2446988.6955009336, -62935.605697107996, -67228.30292323863, -56146.39742927521, -12748.205691362107, 0.0425, 0.7264999999999999, -0.1395, 192.0, 0.5, 104.0, 15.0, 32.0, 125.0, 24.0, 0.0, 0.0, 0.0, 1.741801461056951E9, 0.0, 2025-03-12 12:44:21.056
252.0, -64376.06386853026, -46352.354747337675, -70137.24835363012, -68518.51266843232, -72348.39467387137, -58503.45593732071, -68745.38287465369, -57119.8829555372, -35767.68616052701, -53450.307661331615, -66974.56592018198, 2447304.123318687, -62918.126632943946, -67212.32142595308, -56134.95333611409, -12741.23194709205, 0.0425, 0.7264999999999999, -0.1395, 192.0, 0.0, 0.0, 0.0, 0.0, 0.0, 0.0, 0.0, 0.0, 0.0, 1.741801461057193E9, 0.0, 2025-03-12 12:44:21.057
254.0, -64373.4934179179, -46345.492761789894, -70129.73816749312, -68513.88585733007, -72342.09148193497, -58502.181887886756, -68735.52575534889, -57121.87226079372, -35773.65407629658, -53454.710954989314, -66979.10332430642, 2447407.656599004, -62920.07123471156, -67215.87535332148, -56125.72206565405, -12736.09104586733, 0.0425, 0.7264999999999999, -0.1395, 192.0, 0.0, 0.0, 0.0, 0.0, 0.0, 0.0, 0.0, 0.0, 0.0, 1.74180146105741E9, 0.0, 2025-03-12 12:44:21.057
0.0, -32181.505224884182, -23177.753171652934, -35003.144741433236, -34519.16241874247, -35970.6400001812, -29262.83678565464, -34135.830001333954, -28394.069182165767, -17876.00879383192, -26714.849676471913, -33478.48754864783, 1223671.6417874864, -31450.290256773267, -33597.957622761445, -28054.88146005648, -6362.982852814538, 0.074, 0.962, -0.20600000000000002, 192.0, 1.0, 40.0, 15.0, 8.0, 124.5, 72.0, 0.0, 0.0, 0.0, 1.741801461147649E9, 0.0, 2025-03-12 12:44:21.147
2.0, -64371.682926617024, -46367.12925042263, -70017.93474172769, -69050.77475914654, -71948.67842777711, -58535.44128363625, -68288.2673487982, -56808.14317561903, -35858.59070522674, -52927.56741375535, -66953.10824550489, 2447328.263202699, -62465.74967691299, -66986.70291742122, -55781.773421975784, -12458.683545432514, 0.074, 0.962, -0.20600000000000002, 192.0, 0.0, 0.0, 0.0, 0.0, 0.0, 0.0, 0.0, 0.0, 0.0, 1.741801461207525E9, 0.0, 2025-03-12 12:44:21.207
4.0, -64365.178568980526, -46366.056366688776, -70015.2748841375, -69051.46766322466, -71948.47726207701, -58533.63079233537, -68286.74743017524, -56787.914846886975, -35863.95512389602, -52933.33416382482, -66955.72339960615, 2447200.053596503, -62459.804112887876, -66988.13342906635, -55784.90266619953, -12467.490132747906, 0.074, 0.962, -0.20600000000000002, 192.0, 0.0, 0.0, 0.0, 0.0, 0.0, 0.0, 0.0, 0.0, 0.0, 1.741801461207752E9, 0.0, 2025-03-12 12:44:21.207
6.0, -64371.615871383656, -46373.65595980358, -70025.93666624269, -69058.7543319171, -71952.67939003461, -58537.34118191495, -68287.44033425336, -56805.14804186202, -35861.60819072821, -52928.66264923366, -66953.71174260518, 2447084.7185951136, -62453.38916222921, -66984.44539123123, -55784.41092782151, -12466.081972847222, 0.074, 0.962, -0.20600000000000002, 192.0, 0.0, 0.0, 0.0, 0.0, 0.0, 0.0, 0.0, 0.0, 0.0, 1.741801461207985E9, 0.0, 2025-03-12 12:44:21.207
8.0, -64357.60132761018, -46358.16620089605, -70010.04457593497, -69040.85058460839, -71933.65805550314, -58519.213917161695, -68275.50450271422, -56785.94789337491, -35864.625676229676, -52928.61794574475, -66956.9527455512, 2447100.8118511215, -62459.96057509907, -66984.49009472014, -55786.44493656694, -12467.400725770083, 0.078, 0.966, -0.212, 192.0, 1.0, 56.0, 15.0, 24.0, 124.5, 48.0, 0.0, 0.0, 0.0, 1.741801461208211E9, 0.0, 2025-03-12 12:44:21.208
10.0, -64363.703353846475, -46369.36442486816, -70018.20296266115, -69050.08185506843, -71947.02439868741, -58524.84655676444, -68286.23334005277, -56795.31327430168, -35853.53921097985, -52920.59366948529, -66945.88863204583, 2447487.586437176, -62450.438731961105, -66971.48137944716, -55774.50910502781, -12452.313298262752, 0.078, 0.966, -0.212, 192.0, 0.0, 0.0, 0.0, 0.0, 0.0, 0.0, 0.0, 0.0, 0.0, 1.741801461208448E9, 0.0, 2025-03-12 12:44:21.208
12.0, -64344.68201931501, -46349.85135195868, -69999.69571825216, -69035.3967589613, -71923.26449433142, -58516.03996944904, -68264.9097758424, -56779.77881190525, -35855.394405769635, -52921.13011135222, -66946.58153612394, 2447371.7149939197, -62447.220080759536, -66974.87884460436, -55776.1631341175, -12457.878882632123, 0.078, 0.966, -0.212, 192.0, 0.0, 0.0, 0.0, 0.0, 0.0, 0.0, 0.0, 0.0, 0.0, 1.74180146120866E9, 0.0, 2025-03-12 12:44:21.208
14.0, -64343.81030128126, -46341.96118616596, -69997.21467461761, -69031.44050019271, -71927.57838101129, -58505.802870488515, -68267.25670901021, -56759.148151773, -35837.13303054965, -52905.41683500014, -66930.01889348256, 2447272.4732485386, -62439.91106032265, -66967.03338230055, -55763.15441884452, -12442.031495813311, 0.078, 0.966, -0.212, 192.0, 0.0, 0.0, 0.0, 0.0, 0.0, 0.0, 0.0, 0.0, 0.0, 1.741801461208883E9, 0.0, 2025-03-12 12:44:21.208
16.0, -64345.754903048866, -46348.711412991455, -70005.01543343252, -69039.12950028533, -71926.03611064388, -58512.95542871421, -68261.40055196293, -56775.46492522537, -35835.8589811157, -52904.098082077275, -66929.43774812671, 2447160.3568983506, -62437.45236843257, -66959.81376884149, -55763.35558454461, -12440.578632423716, 0.078, 0.966, -0.212, 192.0, 0.0, 0.0, 0.0, 0.0, 0.0, 0.0, 0.0, 0.0, 0.0, 1.741801461267822E9, 0.0, 2025-03-12 12:44:21.267
18.0, -64343.54208034779, -46343.4364013, -70001.70737525313, -69038.57070667396, -71934.19449737007, -58513.29070488104, -68268.4637032108, -56782.461021239884, -35848.95710336651, -52916.346838038786, -66943.27347794456, 2447014.444710546, -62444.15789176916, -66970.6096614134, -55777.92892192947, -12453.587347696704, 0.082, 0.962, -0.214, 192.0, 1.0, 72.0, 15.0, 8.0, 124.5, 40.0, 0.0, 0.0, 0.0, 1.741801461268137E9, 0.0, 2025-03-12 12:44:21.268
20.0, -64293.11654485662, -46304.186738036486, -69960.84838638883, -68997.46584862065, -71897.89526437465, -58472.387012527826, -68237.75240632921, -56741.0432387642, -35814.08838201623, -52880.762860865936, -66905.16375364826, 2447223.120596781, -62417.715778078535, -66938.37844590885, -55748.715191926385, -12424.574783393715, 0.082, 0.962, -0.214, 192.0, 0.0, 0.0, 0.0, 0.0, 0.0, 0.0, 0.0, 0.0, 0.0, 1.741801461268386E9, 0.0, 2025-03-12 12:44:21.268
22.0, -64324.09606267168, -46332.573453494726, -69983.6695174777, -69022.5445058995, -71918.83884892927, -58504.059434421, -68256.68433388285, -56779.532942716236, -35805.12533248965, -52868.62586362671, -66892.535018031, 2447591.65615936, -62402.047205215364, -66931.73997780561, -55737.00287783181, -12411.878992543101, 0.082, 0.962, -0.214, 192.0, 0.0, 0.0, 0.0, 0.0, 0.0, 0.0, 0.0, 0.0, 0.0, 1.74180146126861E9, 0.0, 2025-03-12 12:44:21.268
24.0, -64338.55764133426, -46348.80081996928, -69998.91340719622, -69036.29082873951, -71930.39470081267, -58516.643466549336, -68268.28488925516, -56789.47946899885, -35832.77444038087, -52898.733663408006, -66916.38432936482, 2447448.4261808903, -62428.5340223949, -66958.2491467296, -55762.014479877296, -12445.227795270419, 0.082, 0.962, -0.214, 192.0, 0.0, 0.0, 0.0, 0.0, 0.0, 0.0, 0.0, 0.0, 0.0, 1.741801461268834E9, 0.0, 2025-03-12 12:44:21.268
26.0, -64358.89772878859, -46366.257532388874, -70015.45369809314, -69052.11586381386, -71943.60458178575, -58532.647315579336, -68285.47338074128, -56791.155849833, -35857.13784183715, -52920.884242163214, -66938.64666684231, 2447297.686016284, -62447.10832203726, -66981.89729236333, -55782.0192911648, -12457.051868087277, 0.082, 0.962, -0.214, 192.0, 0.0, 0.0, 0.0, 0.0, 0.0, 0.0, 0.0, 0.0, 0.0, 1.741801461269052E9, 0.0, 2025-03-12 12:44:21.269
28.0, -64358.92008053304, -46366.7939742558, -70017.01832020501, -69053.07698882544, -71939.31304685034, -58527.2158416767, -68278.03024983767, -56796.34145454663, -35861.36232153921, -52924.61698348725, -66942.69233258872, 2447168.9399682214, -62453.232700018016, -66979.66211791779, -55782.44397430945, -12457.163626809554, 0.084, 0.9560000000000001, -0.218, 192.0, 1.0, 80.0, 14.5, 112.0, 124.5, 24.0, 0.0, 0.0, 0.0, 1.741801461269271E9, 0.0, 2025-03-12 12:44:21.269
30.0, -64358.473045643936, -46364.40233759908, -70019.78993651747, -69052.6970091697, -71947.71730276552, -58530.92623125628, -68287.68620344237, -56796.83319292465, -35859.32831279377, -52924.12524510924, -66943.04996050001, 2447053.604966832, -62455.467874463546, -66985.38416449835, -55784.38857607706, -12460.51638847785, 0.084, 0.9560000000000001, -0.218, 192.0, 0.0, 0.0, 0.0, 0.0, 0.0, 0.0, 0.0, 0.0, 0.0, 1.741801461269501E9, 0.0, 2025-03-12 12:44:21.269
32.0, -64345.598440837675, -46344.19636061149, -70002.98142468708, -69031.93223857072, -71931.95932292454, -58511.27904788006, -68273.42579047987, -56780.04703283871, -35857.71898719299, -52916.90563165017, -66941.79826281051, 2447454.8634832934, -62455.467874463546, -66976.89050160533, -55783.56156153221, -12455.800170397779, 0.084, 0.9560000000000001, -0.218, 192.0, 0.0, 0.0, 0.0, 0.0, 0.0, 0.0, 0.0, 0.0, 0.0, 1.741801461327125E9, 0.0, 2025-03-12 12:44:21.327
34.0, -64360.46235090046, -46361.63072128662, -70016.10189868235, -69046.34911374439, -71946.30914286485, -58522.56667882999, -68280.82421789458, -56780.449364238906, -35845.604341698214, -52901.70644542056, -66927.91782950376, 2447505.2890187846, -62445.83427260331, -66967.14514102282, -55768.96587240289, -12437.047056799776, 0.084, 0.9560000000000001, -0.218, 192.0, 0.0, 0.0, 0.0, 0.0, 0.0, 0.0, 0.0, 0.0, 0.0, 1.741801461327392E9, 0.0, 2025-03-12 12:44:21.327
36.0, -64374.56630165176, -46382.3954918856, -70033.22333493512, -69064.09639884191, -71958.98258197101, -58537.83292029297, -68303.622997239, -56790.999387621814, -35867.4643477755, -52922.89589916419, -66947.47560590215, 2447362.059040315, -62465.16853155715, -66975.32587949347, -55785.39440457754, -12450.100475561676, 0.084, 0.9560000000000001, -0.218, 192.0, 0.0, 0.0, 0.0, 0.0, 0.0, 0.0, 0.0, 0.0, 0.0, 1.74180146132761E9, 0.0, 2025-03-12 12:44:21.327
38.0, -64376.62266214164, -46380.517945351356, -70030.27290466701, -69062.5541284745, -71956.41213135865, -58536.9164987703, -68295.50931400173, -56804.52219301727, -35890.73251375348, -52944.018297674455, -66968.86622534588, 2447197.9078290355, -62483.87694166624, -67004.40549902982, -55806.539154832266, -12473.770972939847, 0.08600000000000001, 0.9560000000000001, -0.216, 192.0, 1.0, 88.0, 14.5, 112.0, 124.5, 32.0, 0.0, 0.0, 0.0, 1.741801461327818E9, 0.0, 2025-03-12 12:44:21.327
40.0, -64355.03087699782, -46362.211866642465, -70007.76469800052, -69043.39868347629, -71937.16727938263, -58519.72800728417, -68262.42873220786, -56787.981902120344, -35867.911382664606, -52921.77831194142, -66944.56987912297, 2447100.2754092547, -62458.79828438739, -66974.90119634882, -55777.101907384626, -12449.206405783463, 0.08600000000000001, 0.9560000000000001, -0.216, 192.0, 0.0, 0.0, 0.0, 0.0, 0.0, 0.0, 0.0, 0.0, 0.0, 1.741801461328053E9, 0.0, 2025-03-12 12:44:21.328
42.0, -64347.67715307202, -46354.45581131647, -69998.60048277384, -69029.294732725, -71925.4773170325, -58507.72512051167, -68249.62118263498, -56769.29584375571, -35861.85405991722, -52913.41875951514, -66935.87505052985, 2446982.7946403977, -62447.26478424845, -66974.36475448188, -55768.96587240289, -12442.120902791132, 0.08600000000000001, 0.9560000000000001, -0.216, 192.0, 0.0, 0.0, 0.0, 0.0, 0.0, 0.0, 0.0, 0.0, 0.0, 1.741801461328284E9, 0.0, 2025-03-12 12:44:21.328
44.0, -64327.67234178452, -46332.72991570591, -69979.22152033109, -69005.89245628029, -71905.00311911144, -58486.40155630131, -68242.78154883166, -56742.11612249805, -35841.64808292963, -52890.35175923727, -66914.10445143038, 2447334.164063235, -62430.232754973506, -66947.43090241324, -55746.30120352521, -12414.31533268873, 0.08600000000000001, 0.9560000000000001, -0.216, 192.0, 0.0, 0.0, 0.0, 0.0, 0.0, 0.0, 0.0, 0.0, 0.0, 1.741801461328501E9, 0.0, 2025-03-12 12:44:21.328
46.0, -64330.935696475, -46336.2391395854, -69983.0213168885, -69011.6368546053, -71916.4248605281, -58492.01184415959, -68250.89523206893, -56744.910090554964, -35834.8084491263, -52880.896971332666, -66903.21915188065, 2447577.172228953, -62423.236658958995, -66934.53394586252, -55742.38964824554, -12408.637989597082, 0.08600000000000001, 0.9560000000000001, -0.216, 192.0, 0.0, 0.0, 0.0, 0.0, 0.0, 0.0, 0.0, 0.0, 0.0, 1.741801461386994E9, 0.0, 2025-03-12 12:44:21.386
48.0, -64317.97168469092, -46326.69494470298, -69971.39840977173, -69005.42306964673, -71906.29952028985, -58482.22178008816, -68243.42974942086, -56740.05976200817, -35836.55188519381, -52880.42758469911, -66900.6934047572, 2447454.8634832934, -62423.2813624479, -66941.28417268803, -55742.34494475662, -12407.654512841049, 0.088, 0.9500000000000001, -0.216, 192.0, 1.0, 96.0, 14.5, 88.0, 124.5, 32.0, 0.0, 0.0, 0.0, 1.741801461387255E9, 0.0, 2025-03-12 12:44:21.387
50.0, -64336.098949444175, -46350.47720080343, -69989.90565418072, -69027.55129665749, -71921.38694779717, -58502.83008847596, -68252.25868848071, -56757.80704710568, -35839.61407418419, -52885.099099290266, -66898.72645124512, 2447328.263202699, -62421.40381591366, -66940.12188197636, -55742.4567034789, -12414.225925710909, 0.088, 0.9500000000000001, -0.216, 192.0, 0.0, 0.0, 0.0, 0.0, 0.0, 0.0, 0.0, 0.0, 0.0, 1.741801461387496E9, 0.0, 2025-03-12 12:44:21.387
52.0, -64360.48470264491, -46373.879477248134, -70013.24087539208, -69049.38895099032, -71945.39272134218, -58528.42283587728, -68284.31109002962, -56783.62331195156, -35872.2699728334, -52919.58784098481, -66931.42705338325, 2447159.2840146166, -62447.30948773736, -66972.86718760338, -55771.35750905961, -12443.193786524986, 0.088, 0.9500000000000001, -0.216, 192.0, 0.0, 0.0, 0.0, 0.0, 0.0, 0.0, 0.0, 0.0, 0.0, 1.74180146138771E9, 0.0, 2025-03-12 12:44:21.387
54.0, -64339.384655879105, -46340.15069486507, -69983.69186922215, -69017.67182560824, -71913.47443026, -58497.46566980668, -68235.22665920576, -56766.01013732078, -35867.64316173115, -52910.04364610239, -66927.2472771701, 2447032.147292155, -62455.8925576082, -66962.71949562067, -55766.395421790534, -12442.79145512479, 0.088, 0.9500000000000001, -0.216, 192.0, 0.0, 0.0, 0.0, 0.0, 0.0, 0.0, 0.0, 0.0, 0.0, 1.741801461387933E9, 0.0, 2025-03-12 12:44:21.387
56.0, -64309.96976017592, -46312.36747650713, -69960.7142759221, -68985.88764499279, -71890.60859568222, -58468.050774103496, -68216.76411828568, -56723.27360192223, -35827.83470485624, -52865.29545370286, -66888.86933194034, 2447291.7851557476, -62409.02094948542, -66919.67003579975, -55726.497557937815, -12399.786698792781, 0.088, 0.9500000000000001, -0.216, 192.0, 0.0, 0.0, 0.0, 0.0, 0.0, 0.0, 0.0, 0.0, 0.0, 1.741801461388152E9, 0.0, 2025-03-12 12:44:21.388
58.0, -64299.889123426576, -46302.286839757784, -69950.49952870602, -68975.42702858771, -71878.78452286536, -58458.73009666563, -68214.64070256242, -56716.72454079682, -35823.8560943432, -52860.758049578435, -66883.54961675998, 2447461.837227564, -62417.425205400614, -66919.8935532443, -55728.01747656077, -12393.371748134106, 0.08600000000000001, 0.9580000000000001, -0.21, 192.0, 1.0, 88.0, 14.5, 120.0, 124.5, 56.0, 0.0, 0.0, 0.0, 1.74180146138836E9, 0.0, 2025-03-12 12:44:21.388
60.0, -64325.191298149985, -46327.96899413693, -69976.04757261844, -69005.57953185792, -71916.89424716166, -58488.21204760219, -68263.50161594173, -56741.356163186574, -35818.53637916283, -52858.99226176647, -66879.68276496921, 2447354.0124123115, -62406.674016317615, -66918.48539334362, -55727.682200393945, -12391.136573688576, 0.08600000000000001, 0.9580000000000001, -0.21, 192.0, 0.0, 0.0, 0.0, 0.0, 0.0, 0.0, 0.0, 0.0, 0.0, 1.741801461388591E9, 0.0, 2025-03-12 12:44:21.388
62.0, -64332.2320976534, -46336.17208435203, -69982.8648546773, -69016.4424796632, -71917.92242740661, -58503.81356523199, -68249.42001693488, -56772.31332925717, -35837.71417590549, -52879.86879108773, -66898.77115473404, 2447206.4908989063, -62429.00340902846, -66939.6524953428, -55749.94453787143, -12418.249239712864, 0.08600000000000001, 0.9580000000000001, -0.21, 192.0, 0.0, 0.0, 0.0, 0.0, 0.0, 0.0, 0.0, 0.0, 0.0, 1.74180146144732E9, 0.0, 2025-03-12 12:44:21.447
64.0, -64328.72287377392, -46336.619119241135, -69981.3672877988, -69012.79914531698, -71915.75430819445, -58497.66683550678, -68227.29178992413, -56751.41444819146, -35841.24575152943, -52883.80269811186, -66901.76628849105, 2447079.3541764445, -62431.99854278548, -66945.24043145662, -55749.206930304405, -12423.188975237486, 0.08600000000000001, 0.9580000000000001, -0.21, 192.0, 0.0, 0.0, 0.0, 0.0, 0.0, 0.0, 0.0, 0.0, 0.0, 1.741801461447599E9, 0.0, 2025-03-12 12:44:21.447
66.0, -64354.2932694308, -46361.31779686425, -70009.64224453477, -69038.59305841841, -71946.1303289092, -58524.48892885315, -68265.04388630914, -56787.33370153114, -35854.72385343598, -52896.006750584456, -66912.89745722979, 2447295.003806949, -62431.21623172954, -66949.95664953669, -55757.14179958604, -12429.358056707151, 0.08600000000000001, 0.9580000000000001, -0.21, 192.0, 0.0, 0.0, 0.0, 0.0, 0.0, 0.0, 0.0, 0.0, 0.0, 1.741801461447828E9, 0.0, 2025-03-12 12:44:21.447
68.0, -64361.468179400945, -46361.295445119795, -70013.53144806999, -69042.43755846472, -71941.86114571824, -58529.786292289056, -68272.10703755701, -56798.77779469226, -35868.80545244282, -52913.17289032613, -66927.51549810356, 2447487.049995309, -62443.934374324606, -66975.88467310485, -55777.25836959582, -12453.587347696704, 0.082, 0.96, -0.20800000000000002, 192.0, 1.0, 72.0, 15.0, 0.0, 124.5, 64.0, 0.0, 0.0, 0.0, 1.741801461448042E9, 0.0, 2025-03-12 12:44:21.448
70.0, -64375.14744700759, -46373.879477248134, -70028.99885523306, -69054.28398302603, -71964.97284948503, -58531.77559754558, -68282.18767430636, -56786.97607361986, -35883.781121227876, -52922.82884393082, -66939.78660580952, 2447359.9132728474, -62451.95865058406, -66982.81371388599, -55791.228209880384, -12463.288004790307, 0.082, 0.96, -0.20800000000000002, 192.0, 0.0, 0.0, 0.0, 0.0, 0.0, 0.0, 0.0, 0.0, 0.0, 1.741801461448281E9, 0.0, 2025-03-12 12:44:21.448
72.0, -64375.41566794106, -46375.6452650601, -70033.35744540185, -69060.52011972906, -71968.16914894214, -58535.82126329199, -68269.55893868911, -56784.40562300749, -35887.29034510736, -52924.75109395398, -66940.99360001012, 2447230.0943410513, -62450.41638021665, -66986.23353078765, -55790.445898824444, -12455.75546690887, 0.082, 0.96, -0.20800000000000002, 192.0, 0.0, 0.0, 0.0, 0.0, 0.0, 0.0, 0.0, 0.0, 0.0, 1.741801461448492E9, 0.0, 2025-03-12 12:44:21.448
74.0, -64374.38748769611, -46374.05829120377, -70040.93468677219, -69067.35975353238, -71968.81734953134, -58543.59967036244, -68276.39857249243, -56802.108204616095, -35893.52648181039, -52930.89782367919, -66946.00039076811, 2447100.2754092547, -62466.53198796893, -66993.09551633544, -55795.85502098263, -12462.103362334175, 0.082, 0.96, -0.20800000000000002, 192.0, 0.0, 0.0, 0.0, 0.0, 0.0, 0.0, 0.0, 0.0, 0.0, 1.741801461448718E9, 0.0, 2025-03-12 12:44:21.448
76.0, -64365.692659103, -46368.31389287876, -70033.60331459086, -69057.1003028274, -71960.32368663832, -58534.50251036913, -68277.2702905262, -56791.28996029973, -35894.10762716623, -52933.267108591455, -66951.02953327054, 2446974.211570527, -62451.37750522823, -66990.10038257843, -55802.828765252685, -12470.597025227193, 0.082, 0.96, -0.20800000000000002, 192.0, 0.0, 0.0, 0.0, 0.0, 0.0, 0.0, 0.0, 0.0, 0.0, 1.741801461507522E9, 0.0, 2025-03-12 12:44:21.507
78.0, -64340.010504723854, -46344.35282282267, -70012.90559922524, -69032.11105252636, -71933.9262764366, -58507.412196089295, -68242.33451394255, -56768.71469839987, -35871.28649607736, -52913.30700079286, -66927.8507742704, 2447359.3768309806, -62432.84790907478, -66970.56495792448, -55775.76080271731, -12439.12576903412, 0.08, 0.9500000000000001, -0.202, 192.0, 1.0, 64.0, 14.5, 88.0, 124.5, 88.0, 0.0, 0.0, 0.0, 1.741801461507843E9, 0.0, 2025-03-12 12:44:21.507
80.0, -64339.094083201184, -46345.38100306762, -70020.3263783844, -69037.65428515128, -71933.65805550314, -58511.6590275358, -68246.69310411133, -56781.45519273939, -35854.835612158255, -52899.001884341465, -66920.2958846445, 2447469.3474137005, -62423.92956303711, -66959.81376884149, -55768.429430535965, -12426.541736905783, 0.08, 0.9500000000000001, -0.202, 192.0, 0.0, 0.0, 0.0, 0.0, 0.0, 0.0, 0.0, 0.0, 0.0, 1.741801461508086E9, 0.0, 2025-03-12 12:44:21.508
82.0, -64346.3360484047, -46353.204113626976, -70027.34482614337, -69045.36563698837, -71949.59484929977, -58517.15755667181, -68269.60364217802, -56770.63694842302, -35862.166984339594, -52910.401274013675, -66932.38817839482, 2447340.601365638, -62436.26772597644, -66963.81473109899, -55780.00763416382, -12433.783702109302, 0.08, 0.9500000000000001, -0.202, 192.0, 0.0, 0.0, 0.0, 0.0, 0.0, 0.0, 0.0, 0.0, 0.0, 1.741801461508304E9, 0.0, 2025-03-12 12:44:21.508
84.0, -64360.30588868927, -46363.262398631865, -70037.13489021479, -69058.86609063936, -71960.61425931624, -58530.814472534, -68260.57353741808, -56796.27439931326, -35873.74518796745, -52920.77248344094, -66945.39689366781, 2447197.9078290355, -62450.93047033912, -66975.99643182712, -55789.32831160168, -12441.785626624302, 0.08, 0.9500000000000001, -0.202, 192.0, 0.0, 0.0, 0.0, 0.0, 0.0, 0.0, 0.0, 0.0, 0.0, 1.741801461508526E9, 0.0, 2025-03-12 12:44:21.508
86.0, -64337.66357155605, -46341.67061348804, -70013.33028236989, -69037.18489851772, -71936.69789274906, -58507.6580652783, -68239.24997320771, -56767.68651815492, -35870.32537106578, -52919.00669562897, -66947.47560590215, 2447071.8439903073, -62446.50482493697, -66977.49399870563, -55789.44007032396, -12446.70301040447, 0.08, 0.9530000000000001, -0.202, 192.0, 1.0, 64.0, 14.5, 112.0, 124.5, 88.0, 0.0, 0.0, 0.0, 1.741801461508759E9, 0.0, 2025-03-12 12:44:21.508
88.0, -64325.615981294635, -46335.8368081852, -70006.91533171122, -69031.30638972597, -71925.05263388786, -58505.28878036604, -68222.01677823268, -56773.63208218004, -35836.104850304706, -52887.75895688045, -66914.59618980839, 2447100.2754092547, -62412.463118131534, -66943.83227155593, -55749.45279949341, -12412.191916965476, 0.08, 0.9530000000000001, -0.202, 192.0, 0.0, 0.0, 0.0, 0.0, 0.0, 0.0, 0.0, 0.0, 0.0, 1.741801461508989E9, 0.0, 2025-03-12 12:44:21.508
90.0, -64325.39246385008, -46324.72799119091, -70001.10387815283, -69021.04693902099, -71914.81553492731, -58492.592989515426, -68217.43467061933, -56742.25023296478, -35849.247676044426, -52901.21470704254, -66932.34347490591, 2447513.872088656, -62430.05394101786, -66963.63591714334, -55763.534398500255, -12424.015989782332, 0.08, 0.9530000000000001, -0.202, 192.0, 0.0, 0.0, 0.0, 0.0, 0.0, 0.0, 0.0, 0.0, 0.0, 1.741801461509211E9, 0.0, 2025-03-12 12:44:21.509
92.0, -64334.914306988045, -46337.58024425271, -70018.47118359461, -69037.0954915399, -71936.76494798243, -58514.56475431499, -68245.95549654431, -56773.14034380202, -35834.74139389293, -52889.97177958152, -66919.31240788847, 2447428.0413899473, -62415.16767921063, -66945.12867273434, -55750.92801462746, -12413.22009721042, 0.08, 0.9530000000000001, -0.202, 192.0, 0.0, 0.0, 0.0, 0.0, 0.0, 0.0, 0.0, 0.0, 0.0, 1.741801461567787E9, 0.0, 2025-03-12 12:44:21.567
94.0, -64315.960027689944, -46323.02925861231, -70002.98142468708, -69026.32195071244, -71919.46469777402, -58506.33931235544, -68228.20821144679, -56768.04414606621, -35845.51493472039, -52904.61217219975, -66932.4999371171, 2447283.202085877, -62424.778929326414, -66962.16070200929, -55768.787058447255, -12432.84492884218, 0.08, 0.9530000000000001, -0.202, 192.0, 0.0, 0.0, 0.0, 0.0, 0.0, 0.0, 0.0, 0.0, 0.0, 1.741801461568043E9, 0.0, 2025-03-12 12:44:21.568
96.0, -64327.851155740165, -46335.34506980718, -70011.58684630238, -69037.40841596227, -71930.3276455793, -58511.815489746994, -68235.71839758377, -56765.58545417613, -35840.441088729036, -52903.94161986609, -66927.13551844782, 2447160.8933402174, -62422.25318220296, -66969.60383291291, -55758.70642169791, -12429.514518918339, 0.078, 0.9525000000000001, -0.20600000000000002, 192.0, 1.0, 48.0, 14.5, 96.0, 124.5, 56.0, 0.0, 0.0, 0.0, 1.74180146156827E9, 0.0, 2025-03-12 12:44:21.568
98.0, -64318.910457958045, -46326.69494470298, -70002.62379677579, -69028.53477341351, -71924.69500597657, -58502.60657103141, -68226.97886550175, -56763.66320415297, -35839.14468755063, -52899.493622719485, -66928.83425102643, 2447033.220175889, -62415.36884491073, -66955.79045483953, -55760.047526365226, -12423.479547915405, 0.078, 0.9525000000000001, -0.20600000000000002, 192.0, 0.0, 0.0, 0.0, 0.0, 0.0, 0.0, 0.0, 0.0, 0.0, 1.741801461568497E9, 0.0, 2025-03-12 12:44:21.568
100.0, -64297.89981817005, -46310.60168869516, -69988.65395649124, -69013.80497381747, -71908.64645345765, -58491.72127148167, -68215.08773745153, -56748.82164583464, -35824.638405399135, -52882.2827794889, -66912.80805025197, 2447234.3858759864, -62412.127841964706, -66948.39202742482, -55743.350773257116, -12414.941181533479, 0.078, 0.9525000000000001, -0.20600000000000002, 192.0, 0.0, 0.0, 0.0, 0.0, 0.0, 0.0, 0.0, 0.0, 0.0, 1.741801461568711E9, 0.0, 2025-03-12 12:44:21.568
102.0, -64305.92409442951, -46312.83686314069, -69995.80651471693, -69018.3870814308, -71919.59880824076, -58501.24311461963, -68236.97009527327, -56760.6457186515, -35814.26719597187, -52876.493677674975, -66905.56608504846, 2447535.8662051996, -62406.45049887306, -66932.36582665036, -55741.69674416742, -12408.347416919163, 0.078, 0.9525000000000001, -0.20600000000000002, 192.0, 0.0, 0.0, 0.0, 0.0, 0.0, 0.0, 0.0, 0.0, 0.0, 1.74180146156892E9, 0.0, 2025-03-12 12:44:21.568
104.0, -64327.94056271799, -46330.07005811573, -70012.68208178069, -69036.82727060643, -71931.62404675772, -58514.07301593698, -68227.78352830214, -56776.51545721477, -35836.61894042718, -52896.632599429206, -66928.25310567059, 2447379.7616219237, -62418.29692343437, -66957.13155950684, -55762.148590344026, -12431.816748597235, 0.078, 0.9525000000000001, -0.20600000000000002, 192.0, 0.0, 0.0, 0.0, 0.0, 0.0, 0.0, 0.0, 0.0, 0.0, 1.741801461569141E9, 0.0, 2025-03-12 12:44:21.569
106.0, -64306.43818455198, -46311.227537539904, -69992.58786351536, -69017.78358433051, -71918.79414544036, -58491.16247787029, -68226.17420270135, -56734.53888112771, -35830.718079890976, -52891.35758773775, -66924.16273643526, 2447257.452876264, -62419.01217925694, -66954.73992285013, -55757.722944941874, -12422.138443248086, 0.07500000000000001, 0.95425, -0.20700000000000002, 192.0, 1.0, 32.0, 14.5, 112.0, 124.5, 64.0, 0.0, 0.0, 0.0, 1.741801461628511E9, 0.0, 2025-03-12 12:44:21.628
108.0, -64329.192260407486, -46341.13417162111, -70016.75009927155, -69046.84085212242, -71938.70954975004, -58523.25958290811, -68236.97009527327, -56782.326910773154, -35827.05239380031, -52889.05535805885, -66921.56993407845, 2447142.654316742, -62411.72551056451, -66951.67773385975, -55753.29729953972, -12413.823594310714, 0.07500000000000001, 0.95425, -0.20700000000000002, 192.0, 0.0, 0.0, 0.0, 0.0, 0.0, 0.0, 0.0, 0.0, 0.0, 1.741801461628774E9, 0.0, 2025-03-12 12:44:21.628
110.0, -64309.16509737553, -46320.70467718896, -69996.05238390593, -69022.92448555524, -71916.11193610572, -58496.88452445085, -68220.8991910099, -56751.74972435829, -35849.78411791135, -52913.93284963761, -66945.19572796772, 2447006.9345244095, -62435.23954573149, -66981.31614700748, -55772.40804104901, -12441.249184757375, 0.07500000000000001, 0.95425, -0.20700000000000002, 192.0, 0.0, 0.0, 0.0, 0.0, 0.0, 0.0, 0.0, 0.0, 0.0, 1.741801461629E9, 0.0, 2025-03-12 12:44:21.629
112.0, -64329.57224006322, -46337.49083727489, -70012.5256195695, -69035.3967589613, -71936.38496832669, -58514.72121652618, -68233.23735394924, -56770.99457633431, -35821.777382108856, -52879.84643934327, -66915.08792818642, 2447481.1491347733, -62408.417452385125, -66941.08300698793, -55741.853206378604, -12409.330893675196, 0.07500000000000001, 0.95425, -0.20700000000000002, 192.0, 0.0, 0.0, 0.0, 0.0, 0.0, 0.0, 0.0, 0.0, 0.0, 1.741801461629228E9, 0.0, 2025-03-12 12:44:21.629
114.0, -64317.59170503518, -46323.968031879434, -70000.94741594166, -69023.3938721888, -71918.03418612888, -58500.30434135251, -68214.95362698479, -56754.61074764857, -35851.348740023226, -52908.56843096834, -66944.25695470058, 2447421.0676456774, -62434.278420719915, -66976.19759752722, -55769.14468635854, -12436.309449232753, 0.07500000000000001, 0.95425, -0.20700000000000002, 192.0, 0.0, 0.0, 0.0, 0.0, 0.0, 0.0, 0.0, 0.0, 0.0, 1.741801461629448E9, 0.0, 2025-03-12 12:44:21.629
116.0, -64310.439146809484, -46315.96610736443, -69992.85608444882, -69013.49204939509, -71909.9205028916, -58490.1566493698, -68209.03041470413, -56748.82164583464, -35822.20206525351, -52877.94654106457, -66915.53496307552, 2447345.9657843076, -62408.81978378532, -66946.67094310177, -55737.673430165465, -12407.051015740755, 0.07550000000000001, 0.958125, -0.20450000000000002, 192.0, 1.0, 48.0, 15.0, 8.0, 124.5, 88.0, 0.0, 0.0, 0.0, 1.741801461629668E9, 0.0, 2025-03-12 12:44:21.629
118.0, -64327.82880399571, -46332.93108140601, -70011.09510792435, -69032.13340427082, -71926.37138681072, -58505.42289083277, -68234.84667955001, -56754.789561604215, -35831.61214966919, -52883.623884156215, -66925.21326842466, 2447218.829061846, -62424.86833630423, -66946.40272216829, -55749.31868902668, -12418.226887968409, 0.07550000000000001, 0.958125, -0.20450000000000002, 192.0, 0.0, 0.0, 0.0, 0.0, 0.0, 0.0, 0.0, 0.0, 0.0, 1.741801461629906E9, 0.0, 2025-03-12 12:44:21.629
120.0, -64320.34096960318, -46327.36549703664, -69999.31573859642, -69026.32195071244, -71918.10124136225, -58501.93601869774, -68241.1051679975, -56758.99168956181, -35851.214629556496, -52903.24871578797, -66939.49603313161, 2447079.3541764445, -62438.30173472187, -66967.59217591192, -55766.21660783489, -12436.13063527711, 0.07550000000000001, 0.958125, -0.20450000000000002, 192.0, 0.0, 0.0, 0.0, 0.0, 0.0, 0.0, 0.0, 0.0, 0.0, 1.741801461630126E9, 0.0, 2025-03-12 12:44:21.630
122.0, -64316.25060036786, -46326.65024121407, -69997.01350891752, -69027.66305537976, -71917.40833728413, -58505.13231815485, -68233.41616790488, -56758.16467501697, -35825.48777168844, -52877.49950617546, -66910.79639325099, 2447262.817294934, -62409.15505995215, -66943.69816108921, -55737.740485398834, -12416.572858878715, 0.07550000000000001, 0.958125, -0.20450000000000002, 192.0, 0.0, 0.0, 0.0, 0.0, 0.0, 0.0, 0.0, 0.0, 0.0, 1.741801461687397E9, 0.0, 2025-03-12 12:44:21.687
124.0, -64342.312734402745, -46348.93493043601, -70018.94057022817, -69045.76796838857, -71938.46368056104, -58525.53946084255, -68256.41611294939, -56790.68646319944, -35858.47894650447, -52908.94841062408, -66941.23946919912, 2447492.4144139783, -62443.35322896877, -66976.64463241633, -55771.35750905961, -12451.12865580662, 0.07550000000000001, 0.958125, -0.20450000000000002, 192.0, 0.0, 0.0, 0.0, 0.0, 0.0, 0.0, 0.0, 0.0, 0.0, 1.741801461687647E9, 0.0, 2025-03-12 12:44:21.687
126.0, -64342.49154835839, -46346.92327343503, -70019.38760511728, -69042.72813114263, -71948.72313126602, -58524.131300941866, -68258.02543855018, -56773.07328856865, -35857.31665579279, -52906.199146056075, -66939.49603313161, 2447366.3505752506, -62448.78470287141, -66975.32587949347, -55767.13302935756, -12445.384257481606, 0.07775000000000001, 0.9600625, -0.20325000000000001, 192.0, 1.0, 64.0, 15.0, 8.0, 124.5, 88.0, 0.0, 0.0, 0.0, 1.741801461687872E9, 0.0, 2025-03-12 12:44:21.687
128.0, -64324.45369058296, -46324.392715024085, -69997.30408159543, -69018.83411631991, -71923.51036352043, -58501.69014950874, -68231.69508358181, -56760.22103550685, -35853.67332144658, -52897.6384279297, -66933.23754468412, 2447254.2342250627, -62448.047095304384, -66971.41432421378, -55765.23313107886, -12438.119940533632, 0.07775000000000001, 0.9600625, -0.20325000000000001, 192.0, 0.0, 0.0, 0.0, 0.0, 0.0, 0.0, 0.0, 0.0, 0.0, 1.741801461688125E9, 0.0, 2025-03-12 12:44:21.688
130.0, -64339.317600645736, -46345.02337515633, -70011.519791069, -69037.45311945118, -71942.17407014061, -58517.78340551656, -68263.09928454153, -56765.22782626484, -35847.05720508781, -52891.49169820448, -66923.13455619033, 2447141.044991141, -62438.055865532864, -66950.47073965917, -55757.879407153065, -12429.805091596258, 0.07775000000000001, 0.9600625, -0.20325000000000001, 192.0, 0.0, 0.0, 0.0, 0.0, 0.0, 0.0, 0.0, 0.0, 0.0, 1.741801461688356E9, 0.0, 2025-03-12 12:44:21.688
132.0, -64316.60822827915, -46320.056476599755, -69986.77640995699, -69018.36472968635, -71911.3286627923, -58494.3587773274, -68220.40745263189, -56759.37166921755, -35855.819088914286, -52899.53832620839, -66926.95670449219, 2447027.3193153525, -62445.11901678074, -66964.44057994374, -55763.15441884452, -12439.706914389959, 0.07775000000000001, 0.9600625, -0.20325000000000001, 192.0, 0.0, 0.0, 0.0, 0.0, 0.0, 0.0, 0.0, 0.0, 0.0, 1.741801461688567E9, 0.0, 2025-03-12 12:44:21.688
134.0, -64335.56250757725, -46341.7376687214, -70014.11259342583, -69044.85154686589, -71943.24695387446, -58524.7124462977, -68251.56578440258, -56781.701061928405, -35834.495524703925, -52879.913494576635, -66906.46015482667, 2447505.2890187846, -62418.02870250091, -66950.2025187257, -55744.98245060235, -12425.580611894204, 0.07775000000000001, 0.9600625, -0.20325000000000001, 192.0, 0.0, 0.0, 0.0, 0.0, 0.0, 0.0, 0.0, 0.0, 0.0, 1.741801461688793E9, 0.0, 2025-03-12 12:44:21.688
136.0, -64323.023178937816, -46327.16433133654, -70003.31670085392, -69030.25585773657, -71931.19936361306, -58509.44620483473, -68244.94966804382, -56765.76426813177, -35858.76951918239, -52903.42752974362, -66933.03637898402, 2447469.3474137005, -62450.34932498328, -66976.95755683871, -55774.91143642801, -12453.27442327433, 0.078875, 0.96203125, -0.200625, 192.0, 1.0, 64.0, 15.0, 16.0, 124.5, 104.0, 0.0, 0.0, 0.0, 1.741801461747212E9, 0.0, 2025-03-12 12:44:21.747
138.0, -64316.78704223479, -46324.07979060171, -70000.05334616343, -69025.15966000076, -71926.84077344427, -58510.00499844611, -68244.34617094352, -56768.11120129957, -35842.609207941205, -52881.41106145514, -66913.94798921919, 2447362.059040315, -62427.841118316785, -66949.82253906997, -55755.24190130734, -12432.643763142081, 0.078875, 0.96203125, -0.200625, 192.0, 0.0, 0.0, 0.0, 0.0, 0.0, 0.0, 0.0, 0.0, 0.0, 1.741801461747486E9, 0.0, 2025-03-12 12:44:21.747
140.0, -64327.18060340651, -46333.86985467313, -70004.92602645469, -69035.82144210595, -71934.37331132572, -58521.78436777406, -68250.09056926853, -56775.5990356921, -35847.52659172137, -52889.12241329222, -66920.22882941113, 2447233.3129922524, -62439.06169403335, -66957.89151881833, -55764.160247345004, -12442.657344658059, 0.078875, 0.96203125, -0.200625, 192.0, 0.0, 0.0, 0.0, 0.0, 0.0, 0.0, 0.0, 0.0, 0.0, 1.741801461747699E9, 0.0, 2025-03-12 12:44:21.747
142.0, -64289.42850702149, -46301.01279032383, -69973.14184583924, -69004.75251731307, -71902.5220754769, -58485.038099889534, -68220.31804565407, -56738.7410090853, -35833.89202760363, -52879.019424798425, -66904.71671875915, 2447115.2957815286, -62426.16473748264, -66948.07910300244, -55749.56455821569, -12429.045132284777, 0.078875, 0.96203125, -0.200625, 192.0, 0.0, 0.0, 0.0, 0.0, 0.0, 0.0, 0.0, 0.0, 0.0, 1.741801461747912E9, 0.0, 2025-03-12 12:44:21.747
